5 5 6 16
-0.011885
-0.076110
-0.070162
-0.203540
-0.362476
0.014356
-0.340363
-0.298450
-0.005645
0.282580
0.369892
-0.045928
0.035189
0.204883
0.178728
-0.029591
0.016266
0.236494
0.038163
-0.073703
-0.054317
-0.107299
0.087169
-0.073540
0.027490
0.146953
0.041268
0.115319
-0.240230
0.068189
0.142212
-0.290486
-0.467578
0.218927
-0.153752
0.172047
-0.039918
-0.256187
-0.258282
-0.667699
-0.063330
0.307894
-0.405088
0.122673
0.188321
-0.135976
-0.023889
0.024438
0.089064
0.303379
-0.043043
0.040679
0.217698
0.063289
0.211681
0.254485
0.097627
-0.123460
0.230629
0.118171
-0.072179
-0.042235
-0.000730
-0.124683
-0.591899
0.027134
-0.231677
0.370370
-0.184360
-0.277795
0.096566
0.281475
-0.041211
-0.206557
-0.241989
-0.329340
-0.069491
0.451850
-0.229324
-0.462406
0.313220
-0.102179
-0.010621
-0.518142
-0.258147
-0.412954
-0.367422
-0.013718
-0.096701
-0.018141
0.160770
-0.051000
0.052757
0.394541
-0.038088
0.003187
-0.028712
-0.061579
0.149424
0.026363
-0.198973
-0.258019
0.002949
-0.221234
-0.101500
-0.191629
-0.177715
-0.179037
0.023756
-0.006952
-0.226814
0.200149
-0.049504
0.186846
-0.137069
-0.469192
-0.128206
-0.198114
-0.223358
-0.104146
-0.160656
-0.444667
0.086741
0.133042
-0.177631
-0.061078
-0.050241
-0.378052
-0.218275
0.627448
0.027122
-0.178438
0.083950
0.002367
0.270190
-0.765687
0.251638
0.144056
-0.077575
-0.282216
-0.017525
0.062977
-0.050243
0.212164
0.474830
0.068737
-0.103662
0.155523
0.021761
0.019874
-0.095509
0.382423
-0.081456
0.252440
0.139424
0.094484
0.131652
0.167568
0.193204
0.075757
-0.507641
-0.192900
-0.060954
0.343973
0.052001
-0.173353
0.343506
-0.012067
-0.045846
-0.540162
0.040609
-0.178037
-0.247139
-0.139226
-0.151003
-0.269057
0.212754
0.143242
-0.089644
0.078500
0.122607
0.260389
-0.294956
-0.281413
-0.101333
-0.046466
0.102420
-0.092357
0.341663
-0.035522
-0.122827
0.267817
-0.582445
0.002663
-0.173480
0.113883
0.113160
-0.039155
-0.127957
-0.421987
-0.102307
0.004038
-0.045974
0.017209
0.023653
0.102680
-0.448342
-0.415806
0.010035
0.270097
-0.205526
-0.635370
0.240926
0.101972
-0.519578
0.023902
-0.245767
-0.184047
-0.065937
0.006411
0.045965
-0.022509
-0.155462
-0.055021
-0.370872
0.146615
-0.073050
-0.373041
0.009373
-0.148847
0.183898
-1.135948
0.215041
0.016391
-0.131010
-0.132451
0.096278
0.180475
0.322421
0.302902
0.347084
-0.031414
-0.377904
-0.136624
0.366550
0.395824
0.295384
0.175424
0.050994
0.235931
0.283524
0.316648
0.030200
-0.019407
-0.003864
0.070466
-0.400959
-0.214518
-0.382298
0.140745
-0.125367
-0.577424
-0.315821
-0.064074
-0.109240
0.110164
0.061372
-0.067735
-0.200842
0.049584
0.465360
-0.444443
0.122628
0.060157
-0.365842
0.150283
-0.060800
0.224098
0.104705
-0.200517
0.359077
-0.149658
0.108931
-0.331116
0.347537
-0.141316
-0.289824
-0.052736
-0.545973
0.333792
-0.056520
0.276814
0.077101
-0.045262
-0.310773
-0.245759
0.166103
-0.131448
-0.209619
0.260749
0.311082
-0.163691
0.221452
-0.051770
0.105885
-0.033557
-0.092185
0.093278
-0.016553
0.204889
-0.143289
0.138460
-0.176075
0.094727
0.072248
-0.251336
0.158540
-0.029628
0.083269
-0.210611
0.087575
0.391180
0.204132
-0.277962
0.093002
-0.141428
-0.054029
-0.038410
0.016247
-0.295760
0.327133
0.145026
0.177767
-0.335748
-0.145162
0.212306
-0.127125
0.144568
0.123133
0.053411
-0.137355
0.256247
0.005301
0.292696
0.195129
0.237842
-0.104768
0.259530
-0.071232
-0.173319
-0.149682
-0.136051
0.413843
-0.224392
0.157895
-0.130818
-0.029958
-0.116570
-0.200985
-0.277069
0.192069
0.359100
0.089258
0.110944
-0.220811
0.106870
-0.058904
-0.112310
-0.896980
0.196129
-0.148824
0.377754
-0.333752
0.128893
-0.105821
-0.549178
0.501618
-0.295741
-0.174785
0.017431
-0.141552
-0.293792
0.574078
-0.828475
0.184572
-0.313737
-0.102880
-0.209992
-0.186478
-0.148898
0.026024
-0.032955
0.250198
-0.327167
0.075343
-0.056607
-0.108031
0.178272
0.204876
-0.067385
-0.257194
0.117175
-0.114502
-0.026216
-0.078672
0.056416
-0.384677
-0.115680
-0.141242
-0.100606
-0.194618
-0.297483
0.052521
-0.367544
0.075155
-0.053638
0.030202
0.203527
0.024383
-0.311891
-0.191910
-0.309683
0.104697
0.192978
0.160971
0.083858
0.153726
0.140624
-0.013246
-0.034416
-0.137298
0.031551
-0.523416
0.122820
-0.087571
-0.212468
-0.295071
0.015268
0.008505
-0.136610
0.053793
0.162637
-0.210547
0.032993
-0.003400
0.090606
0.136693
-0.325302
0.305619
0.028484
-0.006087
0.391291
-0.290988
-0.293933
-0.022127
0.360746
-0.020057
0.420128
0.148582
0.173935
-0.092054
0.062226
-0.504452
-0.100772
0.177346
-0.149998
0.205094
0.321134
0.122115
-0.389138
0.241580
-0.427164
0.457560
-0.219858
-0.102614
-0.018221
-0.736194
0.168460
0.589515
-0.257550
-0.051001
0.464958
-0.632549
0.219359
-0.116923
-0.002775
0.149681
-0.296810
-0.266464
0.294622
0.386250
0.287402
0.124752
0.102483
0.064985
0.048505
-0.106203
-0.039852
0.031103
0.174255
-0.046106
-0.118579
0.105831
0.047637
-0.007689
0.132178
-0.047589
-0.016699
0.030159
0.207108
0.208770
0.082026
-0.093384
0.101746
0.133066
0.184720
-0.188975
-0.060653
-0.078430
-0.753469
-0.311321
0.156911
0.083850
0.013407
0.069814
0.094313
0.301683
0.170032
-0.092805
-0.502265
0.249105
-0.544389
-0.097402
0.180549
-0.142326
-0.238168
0.060271
0.044662
-0.102371
-0.225465
0.285894
0.075043
-0.081234
0.175968
-0.444073
-0.196844
0.085839
-0.056483
-0.009024
0.112333
-0.071056
0.364867
-0.012840
0.384119
0.254817
-0.180133
-0.064389
0.168528
0.257179
0.093807
-0.141040
-0.086114
-0.207426
0.036349
-0.185911
-0.113142
-0.135587
0.339811
-0.280079
0.065286
0.181177
-0.160157
-0.275057
0.007508
-0.012439
-0.004659
0.400437
-0.298416
0.525880
-0.442954
0.011162
-0.156341
-0.231234
-0.028953
-0.108792
0.012718
0.345966
-0.390653
-0.054031
0.190644
-0.175913
0.010009
-0.244182
0.051887
-0.212540
-0.826160
-0.031121
-0.114085
-0.016162
-0.142505
0.008394
-0.133854
0.123025
0.165339
-0.004270
0.153973
0.006669
0.260221
0.125418
0.077623
0.376694
-0.040834
-0.421337
-0.198594
0.217437
-0.980076
0.030187
-0.009072
0.003062
-0.240482
-0.131374
0.223860
-0.059237
0.048237
0.085569
0.069404
-0.497098
0.267417
-0.069785
-0.071448
0.076977
0.070253
-0.119806
-0.179218
0.073116
-0.087701
0.095413
0.036488
-0.252383
0.286138
-0.536448
0.084991
0.159275
0.128011
0.156730
0.157849
-0.155116
0.397182
0.023994
-0.074386
0.035957
-0.261652
0.020667
0.099322
-0.276750
0.434386
-0.048663
0.077009
0.338823
0.300092
-0.245828
-0.068667
-0.098819
0.179710
-0.172827
0.000064
-0.105220
0.088233
0.052893
0.180054
0.183123
0.008365
-0.370085
0.380125
0.001818
-0.060537
0.285150
0.258110
-0.129808
-0.367996
-0.044237
-0.334705
0.033874
-0.188838
0.122165
0.260517
-0.147979
-0.464411
-0.155210
-0.021217
-0.007042
-0.546123
0.135228
-0.046172
-0.261885
-0.070420
-0.204131
-0.225817
-0.105612
0.130557
0.063450
0.187137
-0.104611
0.166908
-0.473957
-0.194264
0.092318
-0.216019
0.076699
0.016711
0.283819
-0.619829
-0.169357
-0.053306
-0.053964
-0.133450
0.310492
0.007830
-0.182311
-0.049775
-0.363704
-0.248783
-0.214970
0.276866
-0.113147
-0.026741
0.088946
-0.158457
0.172035
-0.269576
-0.195079
0.007738
-0.174502
-0.051332
0.146579
-0.114517
-0.550528
-0.102452
-0.166998
-0.008016
0.211193
-0.215792
0.007655
-0.237988
0.373172
0.165142
0.315543
0.293496
0.109937
-0.010455
-0.042205
0.269958
0.099068
-0.137910
0.095688
0.439637
-0.035819
-0.172617
0.067660
-0.056296
0.029125
-0.086727
0.137057
-0.409411
0.081127
-0.276228
-0.171868
0.082263
-0.312653
0.289474
-0.238786
-0.004522
0.096353
0.247469
-0.330021
0.201882
0.174686
-0.465599
0.079413
0.282039
0.068816
-0.302223
0.033737
-0.225673
-0.062236
-0.025059
-0.039785
-0.392999
0.095810
0.088875
-0.087797
-0.014580
-0.086756
-0.009104
0.117632
-0.232928
0.088246
-0.017928
-0.149590
0.045071
0.137806
0.062535
-0.003881
-0.168978
-0.278415
-0.085908
0.030419
0.012968
0.190102
-0.089200
-0.162403
-0.120948
-0.053637
-0.152867
0.020530
0.079798
0.077030
-0.696157
0.214998
0.558356
0.243701
-0.080606
0.144969
-0.341867
0.106779
-0.590761
0.155480
0.140206
-0.056339
0.258070
0.576914
-0.322802
0.167890
-0.221075
-0.222683
-0.157337
-0.440281
-0.022424
-0.014480
-0.202309
-0.403818
0.242057
-0.172210
0.037675
-0.174589
-0.289590
-0.572711
0.015917
-0.436936
-0.166925
-0.398090
0.173828
0.077680
0.051791
-0.238474
-0.443778
0.224386
-0.414830
-0.318936
-0.292323
0.059521
-0.807483
0.418244
-0.359950
0.339785
-0.210345
-0.100508
0.244399
-0.140102
-0.050084
0.081347
-0.143855
0.035055
-0.103410
0.175023
-0.089523
0.065198
-0.210846
-0.033141
-0.036417
-0.366827
0.069731
-0.238920
-0.117525
0.143106
0.218792
-0.021224
-0.132126
-0.098819
-0.432491
-0.246454
-0.270721
-0.162621
-0.171189
0.164131
-0.020548
0.306748
0.250237
-0.038521
-0.036631
0.002701
-0.095641
0.126101
-0.061155
-0.017814
-0.207122
-0.117146
-0.005269
0.103361
-0.317147
-0.058919
-0.015110
0.445573
-0.543573
-0.047694
-0.293418
0.289396
0.003228
0.008776
-0.377451
0.330082
-0.382559
0.364318
0.138360
-0.013588
0.452163
0.294613
-0.020957
0.111583
-0.088883
-0.073256
0.185965
-0.308066
0.169408
0.468358
-0.260013
0.194870
0.296112
-0.304135
-0.072312
0.236431
-0.473320
-0.029012
0.088074
-0.032135
-0.308234
0.159794
-0.228217
-0.192013
-0.446451
-0.039534
0.020805
-0.048478
-0.146612
0.045971
-0.118685
-0.282253
-0.093885
0.126469
0.136172
0.209273
0.084609
-0.299649
-0.022901
-0.271357
-0.210749
0.160529
-0.028855
0.071711
-0.015658
-0.178404
0.286119
0.488231
-0.284788
0.142653
0.227943
-0.164391
-0.141314
-0.071293
0.007449
-0.139351
0.012313
0.100874
-0.091864
0.044681
-0.117548
-0.097709
0.014131
-0.030171
0.132743
-0.104980
0.131822
0.002161
-0.192390
0.055972
0.070861
-0.201005
0.013805
0.096427
-0.492102
-0.126276
-0.109373
0.205096
0.190073
-0.042505
0.114328
0.115072
0.053011
-0.180019
0.144120
0.306689
0.116699
-0.372080
-0.494005
0.101753
0.139504
-0.101154
0.393555
-0.254228
-0.018260
0.058067
-0.124269
-0.262868
-0.150973
-0.076152
0.031407
0.058676
0.263241
0.199433
0.465988
0.043575
0.276624
-0.203533
0.069422
-0.055988
-0.202706
0.026128
0.060069
-0.067475
0.092621
0.058812
-0.106710
-0.062650
0.002304
-0.434196
-0.276811
0.104395
0.166471
-0.122540
0.162587
-0.106104
0.058434
0.076776
-0.139017
0.011273
-0.070404
-0.117980
-0.033919
0.376943
-0.209099
0.320664
-0.107804
-0.155702
0.066647
-0.360115
0.292967
0.077419
-0.300109
0.090283
0.195856
-0.037375
-0.098705
-0.057650
0.043476
-0.211769
-0.250244
-0.136382
-0.293357
0.044685
-0.050072
-0.024767
0.198573
-0.219903
0.227461
0.239515
0.044522
0.082417
0.113398
0.128176
-0.344906
0.283109
-0.069126
-0.112197
-0.229651
-0.216798
-0.723328
-0.193721
0.249211
0.384812
-0.095342
-0.110175
0.036404
0.182736
-0.160339
0.237326
-0.040862
0.307758
0.388480
-0.228996
-0.412012
0.156252
-0.012809
-0.030160
-0.098652
-0.331095
-0.315300
0.153106
-0.323055
-0.052459
0.210984
0.142025
-0.230254
0.100286
-0.063124
-0.063074
0.244699
0.016705
0.261972
-0.239759
0.070491
0.034936
-0.078122
-0.187357
0.255987
0.049995
0.238244
0.176823
0.102275
0.333625
-0.007609
-0.299191
-0.046902
-0.146084
-0.024242
-0.228487
0.316954
-0.365405
0.488967
0.235859
0.053743
0.036539
-0.192394
-0.307632
-0.162647
0.253326
-0.260782
0.338301
-0.097161
0.064702
-0.088555
0.119512
0.085081
0.012121
-0.115506
0.020821
0.400527
-0.423909
0.388842
0.175214
-0.260107
-0.006015
-0.084108
0.135845
-0.171445
0.027970
0.101893
-0.118804
-0.050309
-0.092346
-0.115023
0.159807
0.020946
-0.157488
0.324583
0.196669
0.017994
0.313411
-0.099459
-0.123582
-0.061906
0.220348
-0.357719
-0.148112
0.279476
0.079602
-0.217645
-0.126005
0.052901
-0.215387
-0.353350
-0.065583
-0.238987
-0.214075
0.110887
0.372768
-0.315703
-0.279850
-0.122011
-0.080180
-0.037151
-0.070885
-0.039456
0.259325
-0.734600
-0.190485
-0.004805
-0.053747
-0.158069
0.220121
-0.233175
-0.164051
-0.265477
-0.227413
0.166815
0.129427
-0.160280
0.173968
0.113198
-0.214415
0.183097
-0.157346
-0.070918
0.385299
-0.130611
0.268823
0.044603
0.035191
-0.172766
-0.081959
-0.155475
-0.100930
-0.019336
-0.150951
-0.233115
0.100873
-0.064279
-0.387277
-0.625017
-0.201135
-0.246689
0.140169
-0.134440
0.013066
0.170105
0.130735
-0.039806
0.020655
-0.375329
0.233325
0.022856
-0.083686
-0.056051
-0.036662
-0.073024
-0.028000
-0.227039
-0.027445
-0.164141
0.174372
-0.034349
0.107086
0.165031
-0.006339
-0.180164
0.017986
-0.200212
0.021402
-0.286760
-0.388823
0.000089
0.152859
-0.543746
0.016054
0.041966
0.115649
0.266614
-0.003308
-0.011824
-0.256261
0.056902
-0.187029
-0.125180
0.123792
-0.223876
0.342723
-0.143517
-0.261739
-0.470596
-0.196333
0.012719
0.350572
-0.425534
-0.024691
0.062502
-0.321308
-0.010462
-0.147569
0.122455
0.007541
-0.252837
0.284357
0.036034
-0.205800
0.051246
0.095377
-0.044253
-0.179310
0.000114
-0.126295
0.074132
-0.172867
-0.052609
-0.136355
0.130369
-0.062092
-0.099426
-0.037658
-0.309072
-0.487678
0.126541
-0.178189
0.152613
-0.043745
-0.086964
0.094898
-0.210308
0.047369
-0.132291
-0.107789
-0.168388
-0.029133
-0.397547
-0.157232
-0.117308
0.295136
-0.733706
-0.078780
0.101782
0.170266
-0.544318
0.008401
0.240362
0.102909
0.266865
-0.029832
0.088484
0.066308
0.224686
-0.196259
-0.091650
-0.044881
-0.117428
-0.168193
-0.186345
0.012000
-0.028597
0.012974
0.137269
0.061941
-0.102612
-0.107931
-0.314412
-0.024925
-0.130620
0.159228
0.087801
0.306164
0.123366
-0.369404
-0.001986
0.018325
0.273540
-0.109308
0.050837
-0.145187
-0.199439
-0.074569
-0.221848
0.271929
-0.133513
-0.066968
-0.027146
0.302122
-0.441770
-0.015660
-0.398307
0.121901
-0.308225
-0.189812
-0.056678
0.013454
0.140347
-0.209914
0.476640
-0.384130
-0.038900
0.153447
-0.029057
-0.251884
-0.066842
0.177490
0.322558
0.017723
-0.065795
0.209566
-0.018542
0.200655
0.209899
-0.020541
-0.030546
0.103007
-0.297948
-0.159978
0.108693
0.259043
-0.110543
-0.030326
-0.234491
-0.447151
0.071235
-0.151994
-0.149413
0.153816
0.082649
-0.482882
-0.006076
-0.083641
0.032411
0.057529
0.090660
0.230791
-0.351257
0.145126
0.047729
0.290746
0.014222
0.049632
0.124967
0.245834
0.081557
-0.353110
0.260031
-0.288918
0.091016
0.131406
-0.345363
0.115587
0.046372
0.082196
-0.064046
-0.062048
-0.000993
-0.033155
0.031775
0.063680
-0.138165
-0.103116
-0.071810
0.111774
0.027923
-0.192176
0.114314
-0.087405
-0.108794
-0.035557
-0.224470
0.085823
-0.230324
0.311212
-0.288824
0.002873
-0.139673
0.223205
0.193119
-0.035800
0.079955
0.045817
-0.132957
0.229481
0.150827
0.052417
-0.139462
0.154234
-0.301819
0.313449
-0.078445
0.155572
0.238329
-0.525269
0.090609
0.251802
0.080673
0.024430
-0.201866
-0.314178
0.179315
-0.124056
-0.221420
0.208162
0.115628
-0.224018
0.156431
0.105056
-0.063148
-0.094343
-0.019428
-0.102769
0.235282
0.081409
0.440378
0.013342
-0.056557
-0.031702
-0.041304
-0.062988
0.041302
0.133120
0.140929
-0.212306
0.107192
-0.243769
0.109263
-0.126727
0.256920
0.156146
-0.221358
-0.187018
0.153562
-0.323726
0.088993
0.514582
-0.084169
0.056232
-0.044610
-0.348361
-0.025667
-0.041106
-0.325598
-0.488754
0.343160
0.252272
0.156582
0.068606
0.160172
-0.320708
0.003110
-0.027540
-0.102195
0.138451
-0.133330
0.038391
-0.081310
-0.244038
0.272633
0.219355
-0.234425
-0.089386
0.032716
-0.043640
-0.087596
-0.118167
0.100982
0.007145
-0.196656
-0.113785
-0.688561
-0.380784
0.027230
0.222296
0.186468
-0.244676
-0.187945
-0.056854
-0.301254
0.024303
0.151478
0.400427
-0.279992
-0.038163
-0.237595
-0.065822
0.259068
0.030175
-0.015294
-0.321017
-0.219421
0.074380
0.370256
-0.156833
-0.260911
-0.055048
0.230788
-0.005408
-0.015942
-0.043390
0.229332
-0.055109
0.043925
-0.028147
0.044981
0.050824
0.270662
0.243384
-0.100522
-0.217311
0.097324
0.136265
-0.109913
0.236692
0.040153
-0.151828
-0.138373
-0.046427
0.022088
-0.199325
-0.147160
-0.165785
0.121158
0.024467
0.008913
-0.026608
-0.138064
-0.049825
-0.084142
0.051926
-0.063462
-0.247083
0.132948
0.118427
0.140017
-0.361431
0.228713
-0.282681
-0.107906
-0.286552
-0.105082
-0.636325
0.571872
0.153947
-0.016622
-0.064160
-0.204210
-0.089034
-0.032303
-0.050015
0.097379
0.038321
0.253613
-0.102711
-0.027775
0.254878
0.063881
-0.026712
0.185063
-0.068002
-0.233116
0.188553
-0.022394
-0.010879
-0.179592
0.217954
0.082748
-0.490437
0.295607
0.117620
-0.319970
-0.120899
-0.514663
-0.051616
-0.582350
-0.275674
0.103087
-0.017002
0.157520
0.091500
-0.388526
0.188853
-0.004952
0.131560
-0.004388
0.423670
-0.165564
0.036956
0.183184
-0.628155
0.212022
-0.017377
-0.007433
0.224785
-0.174559
-0.409009
0.037923
-0.292626
0.135010
0.089244
0.142584
0.341299
-0.028186
0.397636
-0.098888
-0.258286
0.033574
-0.525089
-0.226091
0.510617
-0.028941
0.059289
-0.137184
-0.122008
-0.222628
-0.180161
0.142205
-0.128073
-0.016654
-0.209283
0.278156
-0.454735
-0.198435
0.191219
-0.174066
0.197576
-0.029817
-0.336504
0.146363
0.213712
0.195813
-0.033628
-0.069647
0.180432
0.098751
-0.100672
-0.387543
0.078680
0.130565
0.014257
0.034043
-0.176513
-0.080727
-0.100357
-0.024302
-0.123049
0.114776
-0.007275
-0.022755
-0.319363
-0.285569
-0.086088
-0.238912
-0.285493
-0.093515
-0.032097
-0.655710
0.195781
-0.257169
0.201334
0.386325
0.142868
0.126922
-1.158552
0.136000
0.035370
-0.243793
-0.066163
-0.783721
0.224809
-0.221584
0.212648
0.184280
-0.250849
0.063161
-0.208640
-0.534366
-0.109622
0.176152
0.475505
0.230757
0.090952
0.101482
-0.284961
0.042225
-0.097103
0.174150
-0.244874
-0.235074
0.250034
0.065333
-0.558187
-0.044498
-0.374339
-0.054576
-0.218292
-0.482274
0.565062
-0.176254
0.276268
-0.173776
0.117674
-0.238078
-0.072069
-0.040746
0.105118
0.122567
-0.033813
0.065450
0.156899
-0.105217
-0.041356
-0.271462
0.113777
0.073801
-0.412522
-0.136419
-0.082810
0.022723
0.036669
-0.356839
0.058671
-0.113012
-0.170890
-0.519148
0.125285
0.169805
-0.379762
-0.178839
0.261418
0.044621
-0.201643
-0.138311
-0.078736
0.100415
-0.153051
-0.130385
-0.264289
-0.243419
-0.013394
0.000586
0.157606
0.004756
0.219275
-0.203724
-0.295851
-0.039351
-0.194843
-0.211759
-0.151019
0.058598
-0.053221
0.163982
-0.018875
-0.098634
0.026733
0.177533
0.151330
0.154499
-0.353137
-0.332658
0.090924
0.057931
-0.014821
0.011889
-0.518516
0.031738
0.496901
0.236524
-0.070879
-0.511799
-0.370607
-0.189986
0.173720
0.001882
0.193767
0.403044
-0.135677
0.109412
0.143767
-0.048071
-0.278438
0.213563
-0.180911
-0.088255
-0.065300
0.176684
0.376553
-0.513685
-0.560390
0.140224
-0.246043
-0.338899
0.399277
-0.317985
-0.279892
-0.255799
0.280710
-0.094451
0.012603
-0.112536
0.043280
-0.086207
-0.363893
0.212813
-0.054005
-0.002746
-0.328380
-0.022323
-0.070219
0.198439
-0.156434
0.108280
0.128248
-0.129089
0.077595
-0.385656
-0.153792
0.021642
0.410754
-0.163010
0.255518
0.128674
0.299227
0.230607
-0.328461
0.027062
-0.351349
-0.051137
0.287948
-0.208764
-0.234299
0.027884
-0.003654
0.127384
-0.151165
0.004069
-0.139165
0.049107
0.268786
-0.171470
0.016623
-0.353775
0.240630
-0.133783
-0.127535
0.031039
0.305432
-0.351734
0.029369
0.101960
0.313494
-0.094097
0.185284
-0.134151
0.222190
0.136658
-0.025843
0.485487
-0.113599
-0.011127
-0.084672
-0.415453
0.031437
0.104791
0.003046
0.044405
-0.020567
0.138879
0.192467
0.169104
-0.246951
-0.451934
-0.332949
-0.047465
-0.093248
0.109653
-0.200719
-0.135183
0.191901
-0.155478
0.005555
-0.017535
-0.046795
-0.036028
0.307295
0.039381
0.083791
0.058821
0.199400
0.120219
0.228646
-0.152263
0.225700
0.093694
-0.160175
-0.374769
-0.090098
-0.028706
0.204647
0.165678
0.094174
0.128570
-0.055842
-0.128735
-0.442793
0.059174
0.097188
0.313610
0.224809
-0.264596
-0.147194
0.120504
-0.192292
-0.052094
0.284563
-0.065504
-0.040306
0.407873
-0.062555
-0.035389
-0.254062
-0.457631
-0.435337
-0.243921
0.220563
0.082444
0.188238
0.027838
-0.229407
-0.000148
-0.175225
-0.062413
0.168974
0.031502
0.194628
0.121540
0.000178
0.039574
0.105627
-0.165893
-0.097676
-0.252987
-0.156344
0.098998
-0.262081
0.366247
-0.137220
0.065043
0.225025
0.103784
-0.333041
-0.219353
-0.029342
-0.079210
-0.074304
-0.168724
-0.132506
-0.415056
-0.320501
-0.124425
0.134078
0.006803
0.032266
0.159688
-0.074708
0.167506
-0.118811
-0.071565
-0.135292
-0.374078
-0.031409
0.247911
0.038799
0.450053
0.173472
0.176869
0.173572
-0.388985
0.239564
-0.004141
0.332222
0.394205
0.154792
-0.261701
0.202654
0.062432
0.151721
0.248892
0.273743
-0.219448
-0.090305
-0.157230
-0.197110
0.053989
-0.025781
0.095224
-0.040460
0.101202
-0.037873
0.226360
-0.626096
0.153109
-0.353251
0.264477
0.074775
-0.287223
-0.062316
0.251803
-0.057749
-0.176678
-0.415424
-0.046839
-0.007802
0.223056
-0.021287
-0.019261
-0.116425
0.232897
0.134912
-0.287192
-0.152839
0.032922
-0.036649
0.045201
-0.225472
-0.043154
0.166515
-0.199028
0.028104
0.143801
0.129759
0.201729
-0.082814
-0.168971
-0.164691
-0.137579
-0.020004
-0.138972
-0.252025
-0.440275
0.012055
0.225751
-0.297215
0.145132
0.293266
0.523047
-0.653290
-0.190859
-0.154962
0.179074
-0.234625
-0.275590
-0.467717
-0.201352
-0.383441
0.204725
0.028204
0.099661
0.018831
-0.108880
-0.113324
-0.014836
-0.244358
-0.201980
0.083721
-0.197932
-0.359416
0.057205
-0.453089
-0.027280
0.094530
0.108490
-0.056438
0.062169
0.206195
0.387367
0.062408
0.115414
0.104610
-0.271044
-0.219676
0.205608
0.133657
0.112976
-0.462911
-0.007884
-0.511407
0.267042
0.220185
0.037136
0.175635
0.051843
-0.044191
-0.513520
-0.247597
-0.106830
-0.400670
0.334978
-0.604731
0.257189
-0.141625
0.338076
-0.162972
0.341125
0.220873
0.191169
-0.366618
0.195161
0.225428
-0.025317
0.064657
-0.115928
-0.254973
0.363448
0.235938
-0.047120
-0.017497
0.138852
-0.083759
0.026109
0.006744
-0.211585
-0.037399
-0.005189
0.117157
0.038228
-0.027032
-0.028971
-0.418333
-0.225975
-0.119119
-0.149349
-0.279821
0.101045
0.053582
-0.921372
-0.109846
0.259087
-0.426973
0.238903
0.023625
0.099445
-0.596533
-0.325394
0.074389
-0.212154
-0.211865
-0.596777
0.016811
-0.052039
0.056782
0.048293
0.000109
-0.002921
-0.002641
-0.193005
-0.106643
-0.110082
0.279155
-0.089414
-0.131450
-0.187101
0.175177
0.042673
-0.327743
-0.024497
0.037333
0.193038
0.127017
0.342637
0.160033
0.354410
0.029989
-0.025001
0.033978
-0.394525
0.147856
0.078237
0.083960
0.040014
0.211752
0.008002
0.085660
-0.443992
0.148306
-0.055665
-0.167628
0.362081
0.130468
-0.309916
-0.168721
-0.302293
0.137969
0.154290
-0.008521
-0.150445
-0.311433
0.047617
0.094930
0.237519
-0.103836
0.221296
-0.077128
0.208706
-0.177859
-0.029294
0.201198
-0.267966
0.021768
0.100039
0.019310
-0.305173
-0.004358
0.248355
-0.155304
0.041646
-0.231087
-0.152244
-0.254428
0.178164
0.169575
-0.062775
0.130583
-0.142206
-0.432462
0.037297
-0.474542
-0.134904
0.069524
0.137573
-0.206801
-0.116293
-0.064137
-0.203659
0.170296
0.122544
0.000765
0.160630
-0.318082
-0.248585
-0.024835
0.021641
-0.562277
-0.238312
-0.253679
-0.018698
0.049777
0.201845
-0.179713
-0.022095
0.168599
0.062211
-0.076630
-0.341394
-0.149966
0.236454
0.102554
0.037539
0.597953
0.168067
-0.255066
-0.061249
-0.120043
-0.168207
0.047121
-0.072738
-0.191592
-0.121799
-0.279247
-0.042843
0.177729
0.003788
-0.068618
0.031590
0.116011
0.408289
0.039788
0.012531
0.122826
-0.166667
0.154043
-0.084088
-0.095632
0.245139
-0.131993
-0.121577
-0.599616
-0.424862
0.237871
0.153679
0.127281
0.271908
0.250377
-0.048250
