120
-0.024157
-0.031715
-0.022248
0.121206
-0.051500
-0.020045
-0.046777
0.250720
-0.049739
-0.130531
0.006351
0.061139
-0.007952
0.035292
-0.040299
-0.040830
0.091975
-0.004591
-0.046627
0.015587
-0.037419
0.117032
-0.167001
0.020377
-0.026226
0.081381
0.042728
-0.020767
0.229205
-0.015539
-0.127261
-0.018729
-0.072511
-0.014561
-0.183400
0.177395
-0.045643
0.278283
-0.057325
-0.025054
-0.132826
0.125240
-0.048479
0.035041
0.192344
-0.008439
-0.127877
-0.016747
-0.202058
-0.016475
-0.010377
0.076511
-0.025709
-0.030514
-0.017368
0.220139
-0.057078
-0.016623
-0.039147
-0.034651
-0.161997
-0.007162
-0.005925
0.006457
0.190783
0.201417
-0.088472
0.109714
-0.147954
0.054221
-0.004565
0.039054
0.015154
0.068298
-0.106361
0.038948
-0.100132
0.152171
0.028286
-0.050514
-0.036828
0.133771
-0.004393
-0.024290
-0.006971
-0.040934
0.085477
-0.019768
-0.023804
0.256401
-0.038614
-0.006456
-0.279245
-0.119253
-0.016005
-0.055276
0.161400
0.075149
-0.022404
-0.036264
-0.046989
0.157856
-0.026120
-0.204172
-0.067621
-0.035413
-0.015678
-0.048316
-0.026183
0.073816
0.033906
0.000219
-0.026768
0.062759
0.166896
0.038790
-0.131921
0.073194
0.141571
0.040378
