120 84
-0.010055
0.068875
0.156674
0.055124
-0.066834
-0.051385
-0.050813
0.162760
-0.014699
-0.041727
0.061102
0.020902
-0.180024
0.049229
-0.038391
0.072026
0.012248
-0.027615
0.143768
-0.137939
0.168110
-0.010749
-0.150476
0.139527
0.073385
0.079701
-0.006061
0.101516
0.007014
0.168429
-0.083534
-0.021143
0.141580
0.076167
0.090827
-0.130078
-0.140473
0.017896
0.137436
0.063326
0.163251
-0.104144
-0.032134
-0.109733
0.081810
0.114258
-0.169632
-0.055170
0.065483
-0.023780
0.108119
-0.169078
-0.092465
0.026664
0.126067
-0.014476
0.095304
0.131207
-0.115853
0.055266
-0.061579
0.139747
0.076648
-0.105423
-0.149456
-0.025940
-0.165224
-0.141859
0.110914
0.136529
0.004596
0.163013
-0.043919
0.191849
-0.147375
-0.028278
0.020181
-0.031508
-0.114168
0.005677
-0.038655
-0.117648
0.089481
-0.088706
-0.058921
-0.134644
0.011254
0.136321
0.051404
-0.037703
0.004212
0.066901
0.091229
-0.093804
-0.142424
0.057396
0.079453
-0.101847
0.145256
-0.056969
-0.067305
0.016750
-0.012838
0.102661
-0.155065
0.080636
-0.055231
-0.136436
-0.068772
-0.065462
0.083632
0.006792
-0.157770
0.017000
-0.004126
-0.110222
-0.063990
0.178502
0.061774
-0.113408
-0.172274
0.034755
0.130386
-0.131809
0.168392
-0.013923
0.124924
0.135376
0.058981
-0.049708
-0.051334
-0.092976
-0.076972
-0.043505
-0.059208
-0.013815
0.012094
0.006721
-0.194609
0.067882
0.140683
0.025413
-0.074479
-0.094003
0.150228
-0.049678
-0.058480
0.116860
-0.003172
0.040377
-0.003786
0.038538
-0.119823
0.073082
0.169816
-0.002994
0.117227
0.171737
0.082791
0.123997
0.133020
-0.169656
-0.015437
-0.127674
-0.039954
-0.054056
0.044960
-0.071832
0.162896
0.243568
-0.196299
-0.144233
0.187929
0.066722
-0.031607
-0.255756
0.031178
-0.032544
0.137664
0.122123
0.479537
0.007406
-0.368416
-0.259155
-0.036864
-0.579686
0.085591
-0.518149
-0.195479
0.126565
0.651453
-0.075856
0.251119
0.294943
-0.480617
-0.262535
0.386366
0.157724
-0.104063
0.361206
0.335567
-0.104584
-0.136297
0.214237
-0.019119
0.464372
-0.239075
0.347633
-0.185448
-0.069902
-0.007836
0.175630
-0.133611
-0.212737
0.030466
0.339752
0.038588
0.085720
0.062490
-0.235527
-0.162328
-0.119251
-0.245796
-0.163911
-0.090939
-0.133782
-0.327323
-0.383472
-0.206705
-0.270371
-0.380224
-0.203997
0.133675
-0.272331
0.181054
-0.065895
0.073581
-0.172763
-0.292543
-0.147404
0.069152
0.425125
-0.536457
0.003069
-0.256368
0.150859
-0.285624
0.034286
0.013077
0.090803
-0.014766
0.195182
0.026529
-0.011660
0.078314
-0.283262
0.388735
-0.207611
-0.349267
-0.129798
-0.197623
-0.248113
0.388260
-0.275396
0.473180
0.268557
-0.223790
-0.094550
-0.388171
0.195887
0.336038
0.183999
-0.121973
0.266572
0.287710
0.015627
-0.423684
0.179880
-0.014429
-0.104047
0.066861
0.231021
0.422724
0.188159
0.153525
0.248230
-0.175323
0.043963
0.018540
0.311203
-0.062798
-0.026730
-0.140348
0.343449
0.473333
-0.326358
0.028484
-0.116987
0.017925
-0.002000
-0.280574
0.420183
0.124150
-0.359826
-0.338279
-0.193920
-0.030672
0.345540
-0.087174
0.034464
-0.472636
0.069946
-0.133622
-0.106746
-0.096961
0.085994
-0.392976
0.006464
0.040289
-0.340692
0.473119
-0.158920
-0.121264
0.047934
0.462233
0.228822
0.018223
0.026058
-0.333252
-0.313003
-0.055558
0.294130
0.330606
-0.037362
-0.351349
-0.112906
0.165341
-0.037251
0.121701
-0.389372
0.018962
-0.224797
-0.046665
0.067035
-0.276608
-0.314787
-0.022858
-0.052866
-0.153835
0.311808
0.139432
0.234001
-0.245258
-0.274949
0.183693
0.225229
-0.175278
0.168449
0.208677
0.196921
-0.179220
0.112772
-0.043226
-0.056718
0.234701
-0.032512
0.135346
0.075181
0.129657
0.151982
-0.091569
-0.318322
0.042665
0.055757
-0.180907
-0.107696
-0.026146
0.005795
0.060567
-0.388464
0.063485
-0.309227
0.060138
0.073541
-0.340350
-0.124574
0.507612
-0.031657
0.064122
-0.172589
-0.355983
0.152774
-0.024369
-0.244162
-0.273820
-0.208198
-0.491231
0.117881
-0.103758
-0.028941
-0.051662
0.143299
-0.121820
-0.047137
0.150398
-0.108821
0.040163
-0.513350
-0.071198
-0.167830
-0.258767
0.129303
0.028357
-0.029616
0.260879
-0.002823
0.002277
-0.031720
-0.167270
-0.104200
0.166387
-0.053552
-0.158015
0.146878
0.016494
-0.082505
-0.136239
0.125896
0.041558
-0.064272
0.162576
0.054586
-0.122006
-0.081604
-0.164557
-0.088076
0.040978
0.087191
0.108755
0.035538
-0.102498
0.110255
0.094257
0.061574
-0.060728
0.152604
-0.051564
0.132779
0.041767
-0.140366
-0.044986
-0.113700
-0.050669
0.005813
-0.076598
-0.123004
0.001862
0.003254
0.074247
-0.077286
0.162304
-0.098619
0.106305
0.143123
-0.153422
-0.125988
-0.126045
-0.143710
0.101725
0.133087
-0.150761
-0.029425
-0.058362
-0.012410
0.055126
-0.160363
-0.131593
0.095950
-0.067027
0.047202
0.159662
-0.009603
0.088335
-0.026529
-0.073717
0.033459
0.150698
-0.160090
0.090944
0.101545
-0.038409
-0.085325
0.125008
0.015423
0.056117
0.073886
-0.021552
0.018508
0.059798
0.104200
0.048836
-0.029876
-0.047134
0.131479
0.082049
-0.106881
0.202281
0.114216
0.201448
-0.113615
-0.036097
0.126259
-0.053188
-0.029636
0.035442
-0.150437
-0.070184
-0.130764
-0.073892
-0.057210
0.127326
0.021717
0.087907
0.204973
0.003854
0.015320
-0.029073
-0.087746
-0.089738
-0.108901
0.168832
0.239216
-0.022091
-0.059901
-0.113822
-0.010726
-0.034668
-0.084232
-0.000755
0.043022
-0.099671
-0.071693
-0.121903
0.029293
-0.034471
0.150825
0.180270
0.019973
0.080590
-0.065806
-0.096304
-0.107196
0.038954
0.081216
-0.191418
0.159266
0.020146
-0.000117
0.030319
0.039565
0.100481
0.116359
-0.125524
-0.019366
-0.132244
-0.033783
-0.062680
0.095270
0.003713
0.076016
0.105781
0.022207
0.113299
0.160330
0.048261
0.122641
0.027989
-0.108178
-0.061641
-0.136060
0.057935
0.158210
-0.159404
0.011100
-0.167569
-0.166861
0.152413
0.048723
0.200720
0.128928
0.680315
-0.197073
0.337099
-0.082209
-0.213224
-0.376133
0.207689
-0.237084
0.439075
-0.028608
0.200777
0.220067
0.149607
0.002499
-0.295821
-0.181029
0.164786
-0.137993
-0.287762
0.212307
0.283398
0.297112
-0.253846
0.225438
0.157347
-0.422891
0.170204
0.044247
0.425239
0.126163
0.125654
0.572548
0.446449
-0.220267
0.362686
0.147234
-0.243412
0.425652
-0.223842
0.280372
0.452921
-0.153139
-0.176953
0.127087
0.508641
0.498856
-0.149237
0.310084
0.188778
-0.173306
-0.044551
-0.227390
-0.157942
0.565455
0.469209
0.040155
-0.026479
-0.029012
-0.104646
-0.203659
-0.101274
0.583886
-0.226619
0.086337
0.301354
-0.161132
0.511792
-0.090594
-0.405729
-0.270903
0.452437
0.244538
-0.483467
0.389306
-0.120807
-0.219927
-0.255359
0.213024
0.553771
0.402415
-0.216160
-0.296177
0.276108
-0.124212
-0.255540
0.268730
-0.220576
0.164713
0.250579
0.004395
-0.292433
0.224263
-0.142394
0.047078
-0.176858
0.147833
-0.341103
-0.206062
-0.291996
0.108268
0.123770
-0.200523
0.239413
-0.186933
-0.002582
-0.017188
-0.042530
-0.075275
-0.373722
0.110130
0.011972
-0.133491
0.226160
0.157161
0.124989
0.078883
-0.049412
-0.124292
-0.062125
-0.233985
0.210144
0.060263
-0.113365
0.049812
-0.232257
0.147668
-0.274840
-0.156968
0.000584
0.035253
0.155922
-0.199638
0.018260
0.280982
-0.100093
-0.330893
0.144727
-0.127617
0.155100
0.231256
-0.110693
-0.060967
0.393466
-0.261025
0.043926
0.185434
0.344730
-0.294821
0.071982
0.213437
-0.445104
-0.195608
0.442766
0.061575
-0.129677
-0.430308
0.058735
0.133793
0.157261
-0.167051
-0.021923
0.182815
-0.122017
-0.027845
0.145828
0.016551
0.110501
0.128466
-0.375899
0.003813
-0.241052
0.037346
0.069801
-0.166746
-0.251603
-0.032358
-0.025882
-0.118004
0.058521
0.003631
-0.323402
-0.053851
0.095973
-0.252317
-0.159344
-0.347483
0.043992
0.050621
0.256574
-0.001285
-0.169444
0.019414
-0.143931
-0.017764
-0.041749
0.086347
-0.049920
0.092137
0.006071
-0.126941
-0.092509
0.037264
0.239008
0.144106
-0.083627
-0.043898
0.004737
-0.030803
0.057350
-0.078230
-0.078818
-0.381077
0.097932
-0.121383
-0.010942
-0.053429
0.049536
-0.031295
-0.192721
-0.084581
-0.494873
-0.102524
0.114762
-0.065553
-0.324732
-0.238165
0.077433
-0.162621
-0.366237
-0.045823
0.012151
-0.045007
0.045293
-0.027917
-0.015869
-0.242921
0.127256
-0.097051
-0.037485
0.113118
-0.134345
0.137350
0.174979
0.138785
-0.103280
-0.067778
-0.012172
0.006932
-0.171033
0.071819
0.170413
0.058951
0.010247
-0.076247
0.227867
-0.038094
-0.245100
0.022728
-0.048463
0.053321
0.015544
-0.147841
0.121063
0.394432
-0.196140
-0.268804
-0.312826
0.131358
0.275967
-0.133604
0.109914
-0.199105
0.055953
-0.266216
-0.320128
-0.250336
0.135289
0.019691
-0.106495
-0.042813
0.319378
-0.185154
-0.185026
0.141151
0.018903
0.182555
0.033728
0.135854
0.208929
-0.252241
-0.243798
0.206084
0.047314
-0.074330
0.070848
0.053523
-0.051505
-0.232632
-0.140611
0.078934
-0.057995
-0.315057
-0.129238
-0.056110
0.244035
0.123842
-0.049773
0.396063
-0.011009
-0.033967
0.029640
-0.010379
0.242690
0.048410
-0.101581
-0.039131
-0.035399
-0.004402
0.069628
-0.067055
-0.031286
0.132013
0.004735
0.373375
0.060702
0.030714
-0.256549
-0.090458
-0.137930
0.396381
-0.251317
-0.010224
-0.183167
-0.013619
-0.005772
-0.269973
0.163565
-0.152981
0.220186
0.061107
0.008606
0.025149
0.167150
-0.026508
-0.190945
0.222930
-0.336791
-0.294979
0.657565
0.433570
0.163778
-0.127352
-0.112198
0.489642
-0.053118
-0.172402
-0.167572
0.288934
-0.012214
-0.103256
0.269251
-0.145102
0.238355
-0.024142
-0.454743
0.034717
-0.189615
-0.035005
-0.129281
-0.173487
-0.001698
0.009908
-0.185780
0.277427
0.060243
0.119737
0.163992
-0.145278
0.286680
0.163901
-0.024189
0.071066
-0.377556
-0.446859
0.071304
0.242341
0.334274
0.038576
-0.287551
-0.128583
0.118031
-0.089472
-0.159273
0.535402
0.034293
0.449868
0.140747
-0.154488
0.269628
0.395407
-0.390695
0.114356
0.258166
0.222004
0.046755
-0.139935
-0.378876
0.011943
-0.335185
-0.407513
0.046470
0.027794
0.278150
-0.335447
-0.177774
-0.425356
-0.004175
-0.257097
-0.065597
-0.137637
-0.109399
0.044037
-0.125108
0.079225
0.123012
0.038573
0.046624
-0.115858
0.151839
0.130398
0.039894
0.039061
0.122121
0.158231
0.043102
0.133493
0.080418
-0.082970
0.098199
0.000886
-0.121354
-0.034184
0.149290
-0.077467
0.139893
-0.138958
0.125948
0.054092
-0.081535
0.106139
-0.014729
0.037457
-0.135823
-0.151429
-0.008303
-0.056490
-0.023739
0.132985
-0.073278
-0.018315
-0.161479
0.041963
-0.056228
-0.160281
0.066351
-0.109358
0.145006
0.032256
0.047866
0.056495
0.015670
0.082700
0.074440
0.129949
-0.021579
0.074798
-0.001168
-0.149098
-0.096906
0.165008
0.160940
0.082830
-0.103990
0.069419
0.114576
0.025658
0.127329
-0.156147
-0.076999
-0.105084
-0.157799
0.008679
0.091740
0.092744
0.065855
-0.065711
-0.055562
0.063720
-0.090163
0.014961
-0.083008
0.122983
-0.114579
0.119334
0.172658
0.446673
-0.167476
0.251772
0.367630
-0.078225
-0.223234
0.237203
-0.124938
0.064222
-0.219803
-0.285361
-0.024187
0.001287
0.089314
-0.016174
-0.217226
0.123595
0.231174
-0.425762
-0.103345
-0.011696
0.059887
-0.047464
0.004525
0.041615
-0.037485
0.061432
-0.276708
-0.040412
0.200688
-0.294738
0.375314
0.067301
0.120939
0.082228
0.132411
-0.125095
-0.016939
-0.111676
-0.253143
0.220577
-0.099939
-0.322759
0.244204
-0.183309
0.179127
-0.386618
-0.120781
0.235013
-0.542486
-0.099702
-0.258265
-0.150726
0.088461
-0.184092
-0.244001
0.140811
0.300995
0.023953
-0.118880
-0.065612
0.211278
-0.616194
0.040864
0.361152
-0.169340
-0.084158
0.493472
0.135603
-0.400509
0.023155
0.047452
0.098060
0.172369
0.161145
0.115881
-0.208614
-0.022773
-0.016349
0.274500
0.186802
-0.014032
-0.068031
0.098245
0.013419
0.033567
0.060064
0.167813
-0.023342
-0.043735
-0.139856
0.084911
-0.165405
-0.040185
0.088653
-0.087269
0.104575
-0.024656
-0.158919
-0.056207
0.081440
-0.157883
-0.139932
0.052776
-0.050144
-0.014118
-0.054182
0.121270
-0.030565
-0.160815
0.008546
0.160356
-0.098849
-0.135984
0.062856
0.143444
0.116317
0.116087
-0.013567
0.058752
0.078726
0.072466
0.083321
0.012059
0.044099
0.087249
-0.011877
0.109512
-0.084402
0.086469
0.031959
-0.082172
-0.155085
0.122748
0.119833
0.103460
0.129394
0.037280
0.065069
0.050712
-0.006628
0.113891
0.130596
-0.083909
-0.061267
-0.028172
0.084408
0.071594
0.001289
-0.048238
0.056404
-0.120727
0.154312
0.060865
-0.103665
0.171134
0.004609
0.158805
0.079050
-0.075212
0.031041
0.147324
-0.083495
-0.094440
0.170227
0.053377
0.011089
-0.035316
0.110810
-0.020083
0.139930
0.080511
-0.125544
0.077380
-0.095256
-0.096748
-0.020180
0.141901
0.196543
0.088446
-0.020357
-0.059016
0.002012
0.125475
-0.049845
-0.046063
-0.062980
-0.057699
-0.065387
-0.088036
0.126998
-0.094456
0.035778
0.036832
0.129229
0.085333
-0.170580
0.154945
0.011528
0.055777
0.015026
0.038686
-0.001787
0.013986
-0.014549
0.162324
-0.024933
0.001006
0.127683
0.010038
0.137338
0.004903
-0.002951
0.023136
-0.122411
0.090168
-0.096896
0.109425
-0.090679
0.111587
-0.042775
0.115431
0.099734
0.166894
0.096146
0.172947
0.179273
-0.226687
0.171309
-0.097509
0.221952
-0.178054
-0.137160
0.061640
-0.100299
-0.120521
0.123142
0.061372
0.163279
0.002342
0.128126
0.041457
-0.127031
0.183228
0.112362
-0.121431
0.160174
-0.095218
0.022439
-0.533857
0.171501
0.050094
-0.086799
-0.017308
0.241390
-0.072841
0.213191
-0.059487
0.090823
0.356011
-0.529468
-0.297860
-0.129885
0.242404
0.630992
0.052204
0.580643
-0.422694
0.478443
-0.076498
-0.193666
-0.526335
-0.303769
0.450917
-0.303512
0.194299
-0.305688
0.215563
-0.211975
0.042646
-0.505232
0.192691
-0.282881
0.239234
0.410990
-0.115037
-0.174500
-0.168334
-0.034509
0.332222
-0.506814
0.050730
0.414135
0.249110
-0.164519
-0.230127
-0.400484
0.106239
-0.482022
0.148835
0.311962
-0.263228
0.029063
0.007266
-0.357024
-0.605038
-0.359131
-0.094669
-0.290143
-0.195667
-0.136298
-0.401198
0.242912
-0.523177
-0.273568
0.299445
0.424503
-0.021161
0.211117
0.304138
0.261842
0.023268
0.159720
0.304570
0.009511
0.323776
0.055266
0.123521
0.188379
0.631305
0.453435
0.406826
0.496732
-0.000436
-0.042970
-0.125060
-0.111442
-0.093787
-0.124686
0.137260
-0.002679
0.072578
-0.084239
0.169108
-0.058778
-0.029116
-0.033375
0.009151
-0.088896
-0.083165
0.024972
-0.051798
-0.053484
0.071784
0.023432
0.109635
0.010241
-0.094625
0.092363
-0.050860
0.154295
0.170549
0.062309
0.163741
-0.011288
-0.030398
0.064375
0.138141
-0.133925
0.114230
-0.160111
-0.058013
0.088984
0.137176
-0.070969
-0.028725
-0.152784
-0.042902
-0.040491
0.064502
-0.130421
-0.094940
0.134169
-0.137848
-0.051629
-0.088701
-0.023654
0.069981
0.079148
-0.163097
-0.048253
-0.029118
0.145937
0.049214
0.055464
0.091643
-0.098631
0.091082
-0.086622
-0.002795
0.012867
0.165455
-0.048791
-0.010536
0.009614
-0.036756
-0.101067
-0.088253
0.102473
-0.100061
-0.168199
0.049498
0.071530
-0.019249
0.118086
-0.102076
0.016059
-0.027105
0.114306
0.011584
-0.050466
-0.060460
0.087096
0.095591
0.192589
0.040361
0.094872
-0.123228
0.057121
-0.083697
0.197729
-0.155248
0.072023
-0.042513
0.164206
0.026040
-0.062396
0.023979
-0.047379
0.023934
-0.106267
-0.025252
-0.160175
-0.099191
-0.104436
0.228415
0.232716
0.149031
0.137652
-0.097896
0.203685
-0.070745
-0.027237
-0.017204
0.095395
-0.093929
0.087231
-0.108070
0.084268
0.061270
0.098303
0.110354
0.118691
0.128867
-0.136834
0.042343
0.053052
0.200065
0.030662
0.125322
-0.113956
-0.048397
0.220479
0.047091
0.106676
-0.084380
0.040782
0.064115
0.113752
0.138360
0.021858
0.048400
0.138250
-0.053912
0.041587
0.098221
-0.018955
0.018659
0.029934
0.018938
-0.100211
-0.024813
0.028191
0.011483
-0.050991
0.248750
0.042006
-0.008432
-0.081068
-0.003660
0.193716
0.192242
0.125261
-0.560765
0.033843
0.245443
-0.014854
-0.106930
-0.195696
-0.043892
0.154220
0.052727
0.121304
0.072865
-0.007567
-0.085694
0.057105
-0.149675
-0.251909
-0.002210
-0.083512
-0.306179
0.142646
0.316723
0.123949
0.033318
0.134111
0.027933
-0.368437
0.036902
0.040775
-0.037832
0.231441
0.023492
0.139149
-0.186439
-0.124189
-0.119110
0.144053
-0.450741
0.112170
-0.242263
0.016318
0.113507
-0.017733
-0.098549
0.241282
-0.126984
0.197647
-0.282522
0.118967
0.054688
-0.109054
0.104203
-0.050906
-0.203477
-0.099669
-0.162119
-0.208637
0.228189
0.008761
-0.086750
0.045566
-0.110358
-0.115667
-0.340616
0.136668
0.204842
-0.205236
-0.038601
-0.222287
-0.107167
-0.195679
0.102087
-0.050251
-0.504782
0.180339
-0.406089
-0.211463
-0.154126
-0.115215
0.047000
0.212482
-0.162795
-0.319873
0.189110
0.114547
0.069896
0.017487
0.078386
0.113263
0.032767
0.143726
-0.128941
-0.165218
-0.166506
0.218268
0.046428
-0.058710
-0.084150
0.014398
-0.008775
-0.006141
-0.080464
0.097424
-0.028395
-0.201273
0.098278
0.122540
-0.074505
0.026911
-0.076016
-0.050623
-0.192955
-0.091421
0.007851
-0.115361
0.015248
0.166119
-0.075026
-0.124889
-0.018872
-0.214300
0.037577
-0.099018
0.136047
0.098523
0.120298
0.006836
-0.085947
-0.083419
0.128221
0.088817
0.021125
-0.102681
-0.186560
-0.162378
0.014200
-0.115918
0.108890
0.016898
-0.090794
0.042112
0.211429
0.121309
-0.024280
-0.098487
-0.193004
-0.082439
-0.108528
0.006543
0.078294
0.017319
0.123193
-0.154662
0.013596
0.090651
-0.068775
0.118893
-0.100229
-0.112825
-0.069913
-0.033849
0.024794
0.132493
0.083281
0.146981
-0.122029
-0.142469
0.276584
0.026915
0.056688
-0.193905
0.059778
-0.440258
-0.337399
-0.350835
-0.123737
-0.289281
0.107011
-0.384996
0.141602
0.455352
-0.203390
-0.381345
0.023536
0.141824
0.401955
-0.116390
0.033615
0.198118
-0.083023
0.290177
-0.337318
0.126786
-0.232452
0.155070
-0.081210
-0.055653
0.269629
-0.041845
0.059617
0.369000
0.210517
-0.574845
0.345980
-0.038000
-0.094838
-0.014271
0.206100
0.456085
0.094665
-0.467387
-0.143248
-0.029736
0.255621
-0.144222
-0.230106
0.076834
0.080126
-0.201275
-0.296134
-0.004298
-0.280172
0.137482
0.065349
0.477251
-0.123315
-0.205552
-0.280343
-0.234105
-0.115730
0.187031
-0.129260
0.053796
0.134145
-0.315151
0.027384
0.266546
-0.244561
-0.097092
0.053315
-0.368143
0.022248
0.085794
-0.003122
0.187128
-0.272102
0.389088
0.030251
0.098534
-0.218843
-0.329376
0.310948
-0.171171
-0.307499
0.113424
0.279683
0.223497
0.186696
0.220899
-0.261459
0.107056
-0.066791
0.001966
0.085882
0.234876
-0.207372
-0.159922
-0.117961
0.062319
0.086036
-0.341824
0.290018
-0.271394
0.117090
-0.299106
0.122841
-0.015250
-0.046836
0.334204
-0.322733
-0.160516
-0.013151
-0.092949
-0.212763
0.053822
-0.300995
-0.000102
-0.124695
0.231261
0.341274
-0.086619
0.236872
-0.055855
-0.245947
-0.163766
0.118356
-0.041242
-0.237267
-0.121966
0.058380
0.117017
-0.191330
-0.053761
-0.124885
-0.169850
0.271950
-0.154996
-0.062743
0.278188
0.033807
-0.360112
0.039170
-0.001881
-0.058886
-0.400746
-0.010230
-0.182662
0.006746
-0.099195
-0.134094
-0.031520
0.153897
-0.109135
0.101704
0.011699
0.218865
-0.125454
-0.136872
-0.094966
-0.163762
0.052568
-0.525664
-0.059761
-0.150925
-0.092949
0.208781
-0.057158
-0.027046
-0.097350
0.222762
-0.202908
-0.119814
0.012557
-0.160940
-0.417767
0.060048
-0.313515
-0.053837
0.163702
0.102232
-0.120068
-0.451996
-0.018394
0.265944
-0.062210
0.051512
-0.019683
0.069526
-0.073928
-0.643695
0.096223
0.220826
0.079819
-0.036815
-0.106503
0.043859
-0.032945
0.004591
0.193663
0.012508
0.086292
0.067419
-0.002574
0.103079
-0.092333
0.120217
0.249712
0.139239
-0.406086
-0.020049
-0.065693
-0.014515
-0.161767
-0.410740
-0.302079
0.014351
0.013489
-0.175421
-0.274636
-0.140554
-0.119518
-0.017415
0.116350
-0.601886
-0.289188
-0.164374
0.109645
-0.602289
0.032362
-0.487593
-0.126986
-0.015059
0.025661
0.294718
-0.178096
0.059737
-0.112007
-0.383464
0.000381
0.176361
-0.064483
0.083743
0.219351
-0.029571
0.298677
-0.058001
-0.191504
-0.041759
0.199802
-0.112438
0.156423
0.004162
-0.022753
0.102647
-0.143277
-0.011404
0.117474
0.023024
0.010791
0.154455
-0.139170
0.158181
-0.053937
-0.045819
0.037763
0.021391
0.125806
0.061838
-0.050664
0.057490
-0.001044
-0.061395
-0.087334
-0.045684
-0.112498
0.151984
0.080476
0.057857
-0.011178
-0.101545
0.005257
-0.167429
0.144509
-0.048088
-0.055508
-0.069232
0.102036
0.152556
0.000530
-0.075157
-0.035705
-0.024526
0.106554
0.128881
0.022658
0.098132
0.116927
0.045507
-0.147278
-0.155357
-0.116643
0.078263
0.079838
-0.100626
0.131836
-0.160394
0.050371
-0.127066
0.160178
0.000179
-0.126814
-0.130340
-0.132635
0.088869
0.017304
0.037599
0.041152
0.008519
0.122706
-0.153997
0.059847
0.089901
0.161738
-0.170868
0.003669
0.097764
-0.008086
-0.064311
0.091139
-0.119577
0.136087
0.086904
-0.034279
0.211961
-0.053053
0.137635
-0.192508
0.093507
-0.103346
-0.131304
-0.050863
-0.266023
-0.189734
0.088633
-0.074568
-0.077297
-0.051627
0.043935
0.170872
-0.295921
-0.374813
0.034658
0.035555
-0.329422
0.386634
0.354668
0.100203
-0.295625
0.444515
0.207953
-0.167393
0.326578
0.093370
-0.018314
0.325600
0.381461
0.052066
-0.166817
-0.136495
0.080468
0.293923
-0.310640
0.236197
-0.317928
0.054799
0.190248
-0.085737
0.011446
0.114985
-0.163575
0.339327
-0.063376
0.011750
0.281644
0.013531
0.013380
-0.452355
-0.160081
0.000744
0.151983
-0.290546
-0.621233
0.128280
-0.210927
0.135501
-0.099116
0.147008
0.218332
0.112254
-0.057372
-0.041044
0.132882
-0.456663
-0.016976
-0.378276
-0.083627
-0.045727
-0.217955
0.092869
-0.061628
0.064164
0.061396
0.002488
0.077560
0.027888
0.105747
-0.139230
0.054499
-0.033840
-0.509867
-0.156556
-0.165642
-0.176856
-0.122266
0.030999
0.100211
-0.045954
0.180530
0.150531
0.154346
-0.163870
0.207066
0.109824
-0.135707
-0.247642
-0.024621
-0.510107
-0.508827
0.193795
0.229449
0.283938
0.026430
0.189592
-0.211978
-0.737231
0.123820
0.207587
0.099838
0.389318
0.220914
0.185460
-0.063471
-0.159685
-0.165969
0.166806
-0.628818
0.245683
-0.342735
-0.000108
0.153856
0.048677
-0.553524
0.325098
-0.044663
0.303831
0.011445
0.314168
0.061595
-0.261108
0.265847
-0.134647
-0.136833
0.039376
-0.077916
-0.188512
-0.009504
-0.454543
-0.465266
-0.150871
-0.196438
-0.003346
-0.256113
0.270351
0.023496
-0.101970
0.278700
-0.035194
-0.558989
-0.269109
0.291580
-0.526434
-0.488101
-0.040430
-0.271457
-0.017228
-0.596145
-0.157876
0.113859
0.088782
-0.292340
-0.072580
0.078670
-0.124038
0.040648
-0.108315
-0.102197
0.087048
0.143501
0.123322
-0.071230
-0.074302
-0.164623
-0.162291
-0.000921
-0.141567
-0.085524
-0.055360
0.113544
-0.123052
0.083749
-0.113612
-0.054192
-0.062601
0.056012
0.084358
0.160885
0.050501
0.065634
0.016592
-0.152355
0.101181
-0.079197
-0.076102
-0.090848
-0.095329
-0.010490
0.081425
0.073337
0.110181
0.093236
0.098035
-0.009035
0.097718
-0.026852
-0.152315
0.022407
0.045739
0.061124
-0.059234
0.037048
0.130290
0.049370
0.048087
-0.097396
-0.084285
0.154506
0.064991
0.141150
0.033414
0.141839
0.041383
0.042955
-0.032390
-0.108798
-0.036950
0.109626
-0.034362
-0.115496
0.002616
0.016618
-0.160355
-0.062962
-0.153792
0.063096
-0.122749
0.116968
-0.064307
0.157425
-0.102530
-0.063016
0.156133
0.098054
0.167418
0.082182
-0.169411
-0.139673
0.559123
-0.294988
-0.234596
0.077603
0.132270
-0.148662
-0.199081
0.262004
0.454228
0.227525
-0.215036
-0.048095
-0.094613
0.059121
-0.021933
0.220117
-0.047918
0.150946
-0.064951
0.193318
0.008404
-0.270799
0.034441
-0.090458
-0.073670
0.036905
-0.220154
0.251747
-0.088166
0.300987
0.152286
0.027929
-0.135956
0.036178
0.183605
-0.076239
-0.246952
-0.101255
0.153411
-0.086622
-0.153973
-0.192750
0.449846
-0.229985
-0.078108
0.078494
-0.238939
-0.164130
0.022955
0.046495
0.020669
-0.055729
0.226198
0.012612
-0.217795
-0.239866
-0.234381
0.185818
-0.160509
-0.061499
-0.408105
-0.136518
0.062541
-0.479027
-0.057631
0.273750
0.238642
0.031032
0.021928
-0.123735
0.313566
0.137747
0.320551
0.255477
0.306781
-0.185664
0.007993
0.003461
0.382968
0.335677
0.298624
0.209076
-0.065631
-0.102103
0.090414
0.029099
0.119173
0.169767
0.104834
0.015232
-0.166729
-0.118762
-0.011140
-0.061366
0.042824
0.122284
0.067904
-0.120612
0.118455
0.166064
-0.166131
0.010699
0.127818
0.056670
0.168938
-0.155442
-0.101867
-0.115059
-0.108310
0.067453
-0.046341
-0.043671
-0.065759
0.086091
0.026344
-0.131273
0.049610
-0.088725
-0.126010
0.064962
0.010217
-0.027172
0.103954
0.001870
0.165439
-0.151234
0.028756
-0.115544
-0.125405
-0.061603
0.115327
-0.048032
-0.082533
-0.062951
0.087186
0.037296
0.040693
0.125940
0.038570
-0.126355
0.051923
-0.092591
-0.012715
-0.081651
-0.005439
-0.030750
-0.159697
0.068491
0.078304
-0.164691
-0.103461
0.036625
-0.171132
-0.077285
-0.153481
0.147734
-0.012198
-0.014610
-0.058789
-0.018831
-0.129401
-0.044615
0.133048
0.047577
-0.149373
-0.132473
0.081271
0.324416
0.040712
-0.243016
-0.227552
0.197081
-0.158126
-0.455337
0.041537
-0.261551
-0.363150
0.209506
-0.112944
0.324938
0.202921
-0.089739
-0.103962
-0.048638
-0.159168
0.257078
-0.211238
-0.032427
-0.013975
0.391300
-0.050101
-0.278718
0.020521
0.034158
0.028339
0.104627
-0.156352
0.004902
0.016705
-0.148492
0.173345
-0.169678
0.034859
-0.007664
0.274739
0.052935
-0.049617
0.032525
0.476929
0.440732
-0.256366
-0.019117
0.162830
-0.005726
-0.063184
-0.309771
0.199142
-0.134648
-0.345660
-0.397709
-0.075939
-0.155384
-0.087888
-0.099531
0.038062
-0.535001
-0.360839
-0.178132
-0.063642
-0.117440
-0.475486
-0.059810
-0.012225
0.092235
-0.337480
0.176229
-0.158761
-0.086206
-0.166181
0.235748
0.244568
-0.104402
0.038474
-0.185880
-0.248414
-0.186598
0.170556
0.027951
-0.094612
-0.305381
0.256990
-0.127578
-0.174066
-0.131585
0.120919
0.085526
-0.157030
-0.011888
-0.100367
-0.114636
-0.093657
0.061726
-0.138825
-0.051725
-0.066877
0.048861
0.139660
-0.082773
-0.104831
-0.056889
-0.066892
0.017288
0.050344
-0.036101
-0.138638
0.011332
0.115357
-0.011391
0.141371
0.093398
-0.031238
-0.019956
-0.007783
-0.141059
-0.061209
-0.035411
-0.080469
-0.151573
0.044970
0.100402
-0.095652
0.146539
0.024010
0.112618
-0.015606
0.117373
0.048121
-0.033587
0.130348
0.185346
0.029393
-0.045632
-0.098854
-0.039099
-0.089391
-0.052380
0.117038
-0.187484
0.133472
-0.092576
-0.046584
-0.016318
0.154676
-0.004572
0.109001
0.031972
0.061559
-0.047379
0.014437
0.121479
-0.011901
0.043823
0.102646
-0.077123
0.085931
-0.083417
0.054758
-0.080243
-0.076108
0.058019
0.152599
-0.055243
-0.045167
-0.139964
-0.010517
-0.089807
-0.135901
0.564003
-0.284580
-0.070560
-0.175730
-0.384114
-0.076758
0.343154
-0.419987
-0.003793
0.288987
0.413439
-0.179687
0.229536
0.405217
0.117411
0.553471
0.456921
0.474446
-0.261666
0.270776
-0.192928
0.451852
0.364698
0.216208
-0.111666
0.343160
-0.203370
0.030833
-0.404297
0.100981
0.008674
0.267445
-0.129768
-0.191121
0.408209
0.015328
0.042865
0.411343
0.422037
0.251828
0.435122
-0.343615
-0.234605
-0.294655
0.144652
0.322850
-0.447366
0.096157
0.047600
-0.281402
0.359211
0.368050
-0.359241
0.329182
0.345886
0.220823
0.143552
0.318840
-0.373368
0.279547
-0.183620
-0.309174
0.457292
0.454414
0.005076
0.038202
-0.358632
0.321555
0.046578
-0.276033
-0.355430
-0.277582
-0.174339
-0.339843
0.576528
0.289857
-0.087931
-0.190663
0.353537
-0.220372
0.473284
-0.074172
0.121918
-0.341629
-0.412596
0.027195
0.205252
0.229540
-0.213282
0.300301
-0.286728
0.252095
0.315566
-0.035402
0.328718
0.268325
0.099882
0.005917
-0.009404
0.243649
0.153957
0.256806
0.488440
-0.079726
0.295939
0.065228
-0.178513
-0.163100
0.376847
0.368224
-0.034284
0.005979
0.219376
0.064353
0.041071
-0.171005
-0.285845
0.290901
-0.257369
0.454598
0.420701
-0.055352
0.249584
0.195441
0.276317
-0.081646
0.417216
0.214365
-0.141154
-0.029569
-0.022969
0.346297
0.019453
-0.101674
0.138856
-0.136076
0.354533
-0.085456
-0.324652
0.489833
-0.089471
-0.329152
0.342539
0.333266
-0.021838
-0.197808
-0.273516
0.027749
-0.402084
-0.111261
0.526808
-0.344837
0.452197
0.438107
0.424663
0.338484
0.380327
-0.183089
-0.122710
-0.233576
0.517011
0.347481
-0.085749
-0.157026
-0.357513
0.308978
0.053017
0.258417
0.042766
0.089237
-0.010656
0.235291
0.178909
-0.058738
0.074351
0.003503
0.074775
0.265618
-0.023424
-0.030900
-0.181491
-0.054333
0.218005
0.104631
0.189770
-0.095834
0.049259
0.075827
0.304491
0.176480
0.078901
0.062606
0.096204
-0.016452
0.089779
0.185522
-0.026115
0.049539
-0.025566
-0.045695
0.057832
0.082730
0.189913
-0.171947
0.099056
0.115802
0.209793
0.211743
0.174316
0.058464
0.103674
0.241824
0.062199
0.189592
0.068876
0.280477
0.101493
0.365965
0.063171
0.102400
-0.170753
0.080570
-0.073427
0.049115
-0.004022
0.115942
0.283513
0.181261
0.083419
-0.020465
0.128001
0.119361
0.051140
-0.106931
-0.118813
0.008697
0.183045
0.090619
0.105592
0.185719
0.039979
0.177251
0.332634
0.132382
0.253075
0.107439
0.067523
0.147332
0.247848
-0.021899
0.430453
0.182870
0.191758
0.225611
0.335975
-0.245514
0.075133
0.104169
-0.305120
-0.101121
0.143526
-0.078969
0.318725
0.245602
-0.417398
-0.445687
-0.427716
0.242381
0.393572
0.140797
0.131409
-0.178010
0.013311
-0.255543
-0.031876
-0.266136
-0.035902
0.281082
-0.087493
-0.128021
0.293353
-0.242204
-0.104695
0.541948
0.045889
0.044546
0.287823
0.179332
0.175571
-0.133894
0.340738
0.456783
0.162813
-0.010753
-0.137028
0.161845
0.025875
-0.175937
-0.189166
0.274614
-0.153065
-0.043943
0.059827
-0.209843
0.199139
0.189086
0.159204
0.451511
-0.014070
0.012390
0.120264
-0.099518
0.043632
0.266094
0.023372
-0.334633
0.370449
-0.047064
0.107305
-0.268226
0.160369
0.094854
0.267729
0.214751
0.207393
0.222031
0.169041
0.434008
0.261075
0.295673
-0.323831
0.068821
0.293963
-0.061906
0.117764
-0.096151
0.118084
0.060501
-0.175673
0.025646
-0.027778
-0.124423
-0.018171
0.104056
-0.131289
0.174609
-0.053454
-0.000498
0.140372
0.102330
0.151412
-0.125507
0.097349
-0.095907
-0.187856
0.172555
0.019477
0.029477
0.101335
0.002059
0.047523
-0.090452
-0.082525
-0.110451
-0.111456
-0.113167
0.126856
0.087689
0.148744
0.119980
0.125133
0.158707
-0.106246
-0.238736
-0.054049
0.079251
0.126458
0.039104
-0.007549
0.007397
-0.070962
-0.018492
-0.085150
0.048820
0.044838
0.062317
0.177262
-0.077274
0.186976
0.011923
0.075834
-0.077442
-0.029922
0.017828
-0.034687
-0.019250
0.005757
0.036401
0.095217
0.108202
-0.128098
-0.022954
-0.042397
0.056891
0.195437
0.023525
0.011708
0.058520
0.008246
0.078282
0.087559
0.043526
0.016794
-0.100985
-0.118749
0.091665
0.004224
-0.086279
0.208340
0.278432
0.234713
0.415206
-0.270958
0.022223
0.036011
0.099535
0.203154
0.239543
-0.156630
-0.016235
-0.253408
0.166295
-0.201559
0.013644
0.146698
0.247000
0.093280
0.421720
0.394375
-0.076019
-0.068551
0.045676
0.093796
-0.118642
-0.161605
0.200545
-0.013410
0.080352
0.132394
-0.069935
-0.165013
-0.034166
0.317706
0.087331
0.121424
-0.165524
0.254141
-0.211419
0.392664
0.059101
-0.125730
0.070476
-0.053792
-0.208254
0.399935
-0.206952
0.032215
-0.166037
0.123109
0.322533
-0.054855
0.199183
0.380295
0.324384
0.242348
0.312145
0.298996
0.174356
0.342191
0.241488
0.113675
0.249158
0.122785
0.032770
0.255964
0.305456
-0.501182
0.302779
0.283798
-0.061575
-0.089088
-0.207824
0.393848
0.014010
0.486111
0.345250
0.360012
0.097578
-0.260873
0.253405
0.272594
0.051159
0.071559
-0.074613
-0.094911
0.127334
-0.134044
0.080988
-0.080234
-0.071237
-0.137215
-0.036013
0.053427
0.149157
-0.007046
-0.135944
0.155561
0.035730
-0.091270
-0.083038
-0.024643
-0.011719
0.016968
0.000365
-0.069036
-0.039478
-0.086759
-0.022579
-0.067773
0.052315
0.043768
0.070131
-0.086066
-0.002310
0.050371
-0.042411
-0.159098
-0.093783
-0.159027
-0.089828
-0.124111
0.099388
-0.033321
-0.014425
0.174647
0.136857
0.112869
-0.043117
-0.016012
0.145884
0.059693
-0.052875
-0.126524
-0.139923
-0.052435
-0.009435
-0.065894
-0.063566
-0.066048
-0.053753
0.123967
0.198257
-0.090019
0.126559
0.141607
0.193457
0.008862
-0.100640
0.102626
0.091634
-0.025393
0.112203
-0.088193
-0.045760
-0.118069
0.038526
0.120905
0.152006
-0.056465
0.082801
-0.072467
-0.070009
-0.073390
-0.094369
0.035901
0.094214
-0.099346
0.054435
-0.089690
0.115134
0.011176
-0.023554
0.005919
0.035326
-0.095042
-0.057368
-0.040517
0.131815
0.098067
0.009177
0.136539
0.152391
0.053890
0.083709
-0.009614
-0.077039
0.125365
0.048360
0.168304
0.048476
0.024272
-0.070702
-0.002106
-0.007146
-0.132564
0.135470
0.059567
0.116746
-0.127182
-0.123016
-0.130901
0.160203
0.089907
0.083662
0.122240
0.131661
0.012682
0.129028
-0.012795
0.132538
-0.106865
-0.163128
-0.044697
-0.072537
0.039891
-0.049622
-0.152963
0.027035
0.079282
0.024911
0.006977
0.138820
0.078995
-0.180334
-0.072530
0.151080
-0.045282
-0.155211
0.086721
-0.126153
-0.019117
-0.094874
-0.139928
-0.056801
0.012788
0.110013
0.150187
0.069905
0.025320
0.096818
0.027325
0.018420
0.115141
0.107027
0.001640
0.103273
-0.132880
0.064899
-0.182989
0.034480
0.076492
0.212551
-0.138611
0.052081
0.130043
0.024721
0.050515
0.092274
0.190251
-0.092454
0.010323
-0.024661
0.177474
0.136023
-0.039948
-0.002250
-0.017021
0.103361
0.060692
-0.189180
0.113630
0.073441
-0.082525
0.299229
0.062199
0.241274
0.036154
-0.032556
-0.187202
0.094224
0.047691
0.222560
0.001762
0.105542
0.132543
-0.002947
0.009122
0.196697
-0.086930
0.249522
0.096844
0.111395
0.270934
-0.149943
-0.116905
0.191388
0.145245
-0.106128
-0.094493
0.070584
-0.028343
0.078352
-0.112335
-0.034068
-0.175876
0.029809
0.256221
0.243897
0.134512
0.125709
0.115396
0.038510
0.110279
0.304028
0.170274
0.062027
-0.090233
0.439888
0.141901
0.035736
0.053826
0.117692
-0.017959
-0.062038
0.179148
0.091494
0.167688
0.104157
-0.075481
0.012390
0.114163
-0.078487
0.160325
0.050897
-0.166284
0.289648
0.023306
0.298270
0.046247
-0.129694
0.246000
-0.100657
-0.058758
-0.063312
-0.072372
-0.272830
-0.257990
0.093818
-0.051284
-0.354115
-0.061525
0.114656
0.035423
0.120263
0.312506
-0.001082
-0.300600
0.136808
-0.318875
-0.046117
-0.138191
-0.034418
-0.207331
-0.113927
0.217400
-0.162919
-0.256481
0.221939
0.173989
-0.158046
0.252250
-0.649659
0.248765
-0.110019
-0.115614
-0.001388
-0.036370
0.007855
-0.225025
0.052517
0.231512
-0.249397
-0.208454
-0.024405
-0.000392
0.147149
-0.093542
0.217781
0.346711
0.039216
0.084222
0.130220
0.349550
0.062778
0.310333
-0.488148
0.234690
0.059416
0.288100
0.126522
0.376086
0.229517
0.025868
-0.167307
0.196426
-0.032404
-0.143410
-0.048328
-0.007415
0.221209
0.159130
0.324715
0.051821
-0.059789
0.101540
0.263679
0.260413
-0.272714
0.132991
0.087886
0.079852
0.061654
-0.080628
0.009803
0.024931
-0.156355
0.114678
-0.029834
0.022506
0.042859
-0.135544
-0.124582
-0.189241
-0.102765
-0.019569
-0.132466
-0.057454
-0.123119
0.152337
-0.079910
0.076195
0.033163
0.063704
0.086353
-0.035338
0.102608
0.083587
-0.163986
0.093749
0.005599
0.114823
0.102578
0.004158
-0.008564
0.101601
0.101744
-0.030904
0.117580
0.080206
-0.147439
0.106745
0.090675
0.156286
-0.148447
-0.175338
-0.050516
0.000449
0.134865
-0.005741
-0.085925
-0.146131
-0.034196
0.157015
0.146685
-0.188815
0.083298
0.078090
-0.115990
0.027174
-0.107073
-0.094900
0.047067
0.164713
-0.131668
-0.004301
0.034842
-0.130936
-0.044617
-0.074019
-0.154383
-0.121858
0.119751
-0.121289
0.080776
0.015837
0.155773
0.018605
-0.109343
-0.005109
-0.115726
0.046879
-0.015047
-0.090492
0.178095
-0.220213
0.041252
-0.288070
0.064718
0.169825
-0.315227
0.291464
0.267146
-0.000084
-0.115816
-0.202484
-0.322826
0.035420
-0.033209
0.180036
-0.235794
-0.112766
-0.094933
0.361202
-0.284350
-0.395154
0.080439
-0.254318
-0.131956
-0.006594
-0.321493
-0.090766
0.117188
0.012904
-0.357606
0.077363
-0.317198
-0.008718
0.007481
-0.108867
-0.293958
-0.104649
-0.330234
0.001441
-0.424516
-0.277155
0.233738
-0.193181
-0.174145
-0.014189
-0.207535
-0.237792
-0.331056
-0.126755
0.188542
-0.136428
0.153612
-0.278247
0.065928
-0.116626
-0.325389
0.213389
0.145594
-0.284634
-0.244285
0.132220
0.126044
-0.068208
-0.002589
-0.171055
0.163944
-0.267760
-0.205621
0.148404
0.089046
-0.159977
0.196082
0.024270
0.009274
-0.013604
-0.050418
0.203774
0.219730
-0.150309
0.012376
0.158882
-0.085236
0.588388
-0.061619
0.286418
-0.433154
0.345345
-0.428594
-0.352612
0.092449
-0.182327
-0.301858
-0.123024
-0.304160
-0.041301
0.069664
-0.000847
0.115569
-0.314644
0.194651
0.131163
0.035373
-0.084324
0.141714
-0.005846
0.243391
-0.176816
-0.138798
-0.076094
0.104414
0.015631
-0.139383
0.186182
0.084381
-0.145631
0.431400
-0.021353
-0.199751
0.081281
-0.079805
0.254380
0.055174
0.135013
0.481198
0.177453
-0.536183
-0.005268
0.351898
-0.000436
0.034445
-0.351680
0.152164
0.120135
-0.230985
0.112988
-0.090482
0.095395
0.255827
0.285125
0.173307
-0.162881
0.295492
-0.110544
0.027196
0.157326
0.417664
-0.009828
0.036314
0.013487
-0.487862
0.184846
0.145663
-0.230484
-0.279045
0.027950
-0.143480
0.152207
0.110380
-0.087095
-0.042839
0.106655
0.119253
-0.072228
0.069892
-0.482720
-0.422450
0.158762
0.372229
-0.122909
0.205517
-0.145856
0.187097
0.167998
-0.333001
0.138964
0.332208
-0.133991
0.091373
0.329118
-0.205588
-0.247398
-0.226665
0.360644
-0.080168
0.206746
-0.174345
0.264206
-0.035983
0.041468
-0.062311
0.166791
0.054906
0.055227
0.165566
0.218643
0.212599
-0.193019
0.207172
0.065542
-0.399524
0.090806
0.078137
0.334883
0.003635
0.005975
0.175563
0.220492
-0.000563
-0.125370
0.185939
-0.180172
-0.062962
0.422634
0.190626
0.107652
-0.054463
0.084597
0.099952
-0.528939
0.238298
-0.112850
-0.290400
0.169744
-0.031258
0.028370
0.066077
0.054505
-0.021130
-0.068370
-0.153479
0.280118
0.198598
0.165934
0.212416
-0.417443
-0.060678
-0.039144
0.037828
0.016880
0.016949
-0.066575
0.412547
0.026173
0.183931
-0.068719
-0.010183
-0.125462
0.339138
0.216991
0.140695
-0.021798
0.275829
-0.025527
0.199630
0.041676
0.122147
0.143753
-0.073078
-0.051745
0.067310
0.193571
-0.041167
0.184947
0.006945
0.133702
0.005241
-0.005060
-0.112511
0.221942
0.011665
-0.070005
0.004156
0.104241
0.133504
-0.120716
0.167700
0.018313
0.111728
0.220809
0.065551
0.144924
0.205823
0.188320
0.029997
0.207088
0.126269
0.200308
-0.090053
0.190502
0.104808
0.028768
-0.062139
0.158021
0.089530
-0.005234
-0.048950
0.040457
0.110831
0.035416
-0.165100
0.368941
-0.158838
0.056219
0.175090
-0.012113
0.176171
-0.068481
0.080451
0.046348
-0.009973
-0.176035
0.058609
-0.101608
0.027103
-0.034811
0.187503
0.202458
0.038431
0.073165
-0.123406
-0.061826
-0.121142
-0.142594
0.082621
0.168975
0.172040
-0.009612
0.046692
0.105861
0.071587
-0.194110
0.148271
-0.018118
0.063520
0.059380
-0.254010
-0.018432
0.190746
-0.237334
-0.296411
-0.000504
0.607274
-0.142050
-0.411892
-0.309299
-0.204560
-0.349136
-0.287274
0.020308
-0.028146
-0.131548
0.174931
-0.003248
0.400178
0.239418
-0.166446
-0.153824
-0.100549
-0.244856
-0.330894
0.207930
0.390257
-0.320634
-0.390596
0.135740
-0.446528
-0.357458
-0.148507
-0.116252
-0.143598
-0.258619
-0.086354
0.443645
-0.352782
-0.035813
0.250365
-0.082314
-0.308767
0.465851
-0.073344
-0.039123
-0.295834
-0.159535
-0.285776
-0.334507
0.146198
0.148399
-0.425938
0.022324
-0.017534
-0.272523
0.054527
-0.042769
0.232671
0.509083
0.132900
0.326325
0.153030
0.104447
-0.226552
-0.154680
-0.124082
0.068981
-0.016373
0.483313
-0.337659
-0.328652
-0.229008
0.036302
-0.381206
0.084737
0.031257
0.642651
-0.088009
-0.094186
-0.132814
0.023419
-0.063615
-0.034543
-0.185074
0.320703
-0.020357
-0.232383
-0.140923
-0.013189
-0.172921
0.197687
-0.010977
0.108580
0.237181
0.070885
-0.137982
0.268492
0.504446
0.131174
0.137621
0.199387
0.223407
-0.085811
0.464361
-0.106178
0.450238
0.219209
0.324626
-0.267854
0.279918
-0.020914
-0.044290
-0.216302
0.005233
0.172833
0.069160
0.148975
-0.166059
0.312408
-0.014629
-0.243149
0.217203
0.077857
0.063028
0.089717
0.024151
-0.142296
-0.151915
0.257014
0.359982
0.069874
0.113741
0.113757
0.141262
0.196559
0.229440
-0.223708
0.271437
0.246295
0.295695
0.191114
0.137367
0.016429
0.249790
-0.093019
0.213376
0.294712
0.294969
0.059868
0.321912
0.045225
0.106457
-0.140656
-0.318094
0.008714
-0.270991
-0.287057
0.049494
0.236075
0.057223
-0.116834
-0.048883
0.426137
0.033842
0.410702
-0.055528
-0.121009
-0.098369
0.044986
-0.130474
-0.030372
-0.081617
0.126083
-0.123426
0.099960
0.107940
0.097690
0.044288
-0.076371
0.132983
-0.006136
0.003024
0.033284
-0.126813
0.032924
-0.026038
0.137881
0.140435
0.030479
0.083832
0.031896
-0.102434
-0.138708
-0.133423
0.010499
-0.080542
0.029525
-0.159121
0.103349
-0.015033
-0.108837
0.006238
0.096781
0.072111
-0.046813
0.112538
0.086860
-0.056258
-0.168584
-0.068911
-0.037783
0.070434
0.018191
-0.073506
-0.165422
0.124463
-0.030142
-0.127652
0.144775
0.007539
0.069876
-0.033008
0.067540
-0.142965
0.084648
-0.121247
0.070674
-0.120180
-0.042713
-0.151536
0.046177
0.112229
-0.053906
-0.024635
-0.123660
0.089096
0.086798
0.151117
-0.105163
0.085408
0.056178
-0.102667
0.021311
-0.048024
-0.100383
0.120592
-0.106087
0.134864
-0.139815
0.011685
0.195013
0.182510
-0.125168
0.135536
-0.183582
0.142078
0.083589
-0.118701
-0.065051
0.114651
0.150233
-0.103691
0.273363
0.316018
-0.291041
-0.456173
0.052514
-0.005030
0.251304
0.035686
0.234213
0.074337
0.167189
-0.306733
0.033941
0.007529
-0.248296
0.078141
0.094435
0.143287
0.265540
0.004443
0.122441
0.024017
-0.089762
0.013370
-0.069703
0.006670
0.201411
-0.035562
0.131485
-0.107764
-0.203133
-0.020548
-0.178276
-0.159694
-0.121703
-0.129074
0.032967
0.097724
-0.206932
-0.030287
-0.347508
-0.001510
-0.031033
-0.116180
-0.359038
0.201309
-0.030174
-0.155922
0.104259
-0.462700
-0.326718
-0.177590
-0.058467
-0.170189
0.072006
0.021606
-0.044939
-0.253580
-0.046541
0.166866
0.244843
-0.053895
0.184381
0.052781
-0.093668
-0.034129
0.015005
0.315003
-0.102744
0.022933
0.145813
0.099593
-0.129834
0.323946
0.011868
0.100971
0.055095
-0.062405
-0.213251
-0.107519
0.359724
0.056742
0.345780
-0.362869
-0.078871
0.291564
0.095889
-0.347985
0.233767
0.018062
0.406264
0.017926
-0.086281
0.353912
0.103014
0.301455
-0.271802
0.269584
0.259421
-0.235263
0.334384
0.403049
0.289949
0.083768
0.400855
-0.133326
0.121445
-0.376929
0.076118
0.090885
-0.108782
0.380529
-0.016238
-0.152947
0.116948
0.333941
-0.076251
0.525448
0.217096
-0.227328
-0.012697
-0.085687
0.114011
-0.247579
-0.296138
0.130860
-0.305350
0.382599
0.045199
-0.000133
0.155069
0.145010
-0.162647
-0.159030
0.220118
0.429290
-0.340055
0.319092
0.099586
0.408258
0.111919
-0.288398
-0.272402
0.193010
0.174766
0.259460
-0.348605
0.297220
-0.280492
0.171400
0.187972
0.275765
-0.021888
-0.257636
0.276572
-0.094442
-0.116098
0.182854
-0.134004
0.026927
-0.154306
-0.084980
-0.047942
0.134343
-0.076270
-0.127034
-0.108075
-0.029544
0.016124
0.127354
0.072797
-0.063587
-0.057065
-0.104962
-0.097936
0.083762
-0.041480
0.100240
0.102335
0.094716
-0.072862
-0.090149
0.119063
-0.094116
0.057979
-0.163284
0.126018
-0.010270
0.144843
-0.084124
-0.169155
-0.058830
-0.146499
0.027567
0.014754
-0.091181
0.079333
0.034718
0.077296
-0.128167
-0.106826
0.153319
0.022070
0.024857
-0.047658
-0.033365
-0.024546
0.104284
-0.108552
-0.027628
-0.035317
-0.093030
-0.072784
0.101422
-0.068067
0.100635
-0.119395
0.147492
-0.147834
0.083235
-0.145995
-0.083983
-0.038963
0.003771
0.074447
0.007893
-0.026606
0.017420
0.147152
0.037111
0.055241
-0.069975
-0.072574
0.099479
0.009380
-0.082003
-0.040204
0.141336
-0.095418
-0.041287
0.016486
-0.088351
0.111796
0.141234
0.159181
-0.113085
0.051739
0.103885
0.031477
-0.144844
0.126320
0.108933
-0.121313
-0.137349
0.099502
0.171835
0.059502
0.016614
0.100360
0.030550
0.085585
0.041058
-0.083941
-0.094551
-0.032835
0.011597
0.099202
-0.096382
0.139675
-0.048624
0.073031
0.091270
0.099596
0.073502
-0.034206
-0.051096
-0.150691
0.189264
-0.039923
0.002318
-0.115650
-0.137271
0.057713
0.116122
-0.076675
-0.091026
0.128479
0.085041
0.155221
0.132004
0.180096
0.061778
-0.176619
-0.129190
0.050480
-0.099952
0.052161
0.065118
0.077178
0.119685
0.099345
-0.090588
0.135951
0.043873
-0.170127
0.035004
0.163392
0.022084
-0.169187
0.098473
-0.028986
-0.092744
0.133558
0.086349
0.042332
0.128560
0.084633
-0.157989
0.062033
0.109297
0.006396
-0.165439
0.129832
0.007247
0.046828
-0.116326
0.026467
0.047279
-0.037685
-0.046924
-0.019794
-0.071949
-0.120539
0.004132
0.120171
-0.081996
0.084727
0.108739
-0.085599
-0.077471
0.029612
0.066823
0.009294
-0.112705
0.026441
-0.023400
-0.083168
-0.115976
-0.045563
0.143890
-0.016666
0.169052
-0.012075
-0.091530
0.127861
-0.077703
-0.128602
0.078332
-0.113574
0.100653
0.011588
-0.058690
0.163620
-0.102624
-0.190641
0.068026
-0.069402
0.059792
0.041893
0.167269
-0.090618
0.085888
-0.080621
-0.012119
0.126274
0.087763
0.118360
0.115569
-0.092926
0.063129
0.026057
-0.012646
0.136312
-0.081827
-0.064062
-0.091000
-0.048190
-0.119726
-0.016284
-0.015312
0.187351
0.023502
-0.056736
0.029501
-0.103939
-0.074392
-0.026942
-0.027430
0.028270
0.086715
-0.108023
-0.027319
-0.126093
-0.076516
-0.013417
-0.048314
-0.046748
-0.033086
0.329924
0.127106
0.077164
-0.464445
0.084384
-0.248446
-0.371356
-0.207186
-0.142870
-0.560263
0.133102
-0.295080
0.162308
0.207274
0.185960
0.024494
-0.030206
0.014376
0.209733
0.079900
-0.134949
0.167743
-0.047885
0.217595
-0.282770
0.211534
-0.165034
-0.154446
0.285776
-0.216407
0.245721
0.147345
-0.160684
0.237761
-0.003530
-0.511889
0.010207
-0.038363
-0.170630
0.117948
-0.306428
0.287495
0.176483
-0.436026
-0.305668
0.048726
0.015923
0.114681
-0.382323
0.057930
0.119017
-0.094424
0.097342
0.096001
-0.316290
0.183894
0.165231
0.097936
-0.292871
0.153816
-0.079332
-0.106619
0.090303
0.104440
-0.178738
-0.190680
0.027295
-0.342134
0.286566
-0.275229
-0.408217
-0.489257
0.057079
-0.076370
0.034738
0.060479
-0.197444
0.016438
-0.097883
0.343096
0.199662
0.066640
-0.220514
-0.434884
-0.266281
-0.130909
-0.030626
0.191324
0.065714
0.200069
0.059407
-0.049730
-0.105472
0.028087
0.252034
-0.211113
0.188513
0.205506
-0.370653
-0.240638
-0.284010
0.032957
0.137841
-0.090597
0.005043
0.019622
-0.034905
-0.378889
0.368316
-0.274449
0.068527
-0.329602
-0.208290
0.098577
0.117046
-0.103999
-0.192162
0.068825
-0.005586
0.163582
-0.202089
0.256542
-0.009655
-0.199920
-0.110178
-0.338320
0.002134
0.136218
-0.055257
0.159552
-0.200492
-0.283078
0.568615
0.220165
-0.289322
0.004620
-0.311785
-0.052450
0.220775
-0.216321
-0.449442
0.019466
0.060008
-0.624227
-0.049655
-0.182811
-0.297240
-0.203659
-0.306727
-0.186557
-0.120992
0.102219
0.127803
-0.248453
-0.017012
0.014254
0.230482
0.258256
0.018967
-0.065359
-0.046608
-0.354730
-0.270999
-0.082954
0.137472
-0.057680
0.145273
0.246742
0.286490
-0.002726
0.008147
0.077055
0.203335
-0.028711
-0.022711
0.142707
-0.138002
-0.177622
-0.135852
0.000381
0.193401
0.053666
-0.030928
-0.003090
0.072315
-0.249706
0.015362
0.079545
0.118334
-0.348974
0.112233
-0.201227
0.026456
-0.163406
0.000426
0.103884
-0.163420
-0.088905
0.002792
-0.498184
-0.135306
-0.035125
0.061460
0.184315
-0.101327
0.139669
0.192162
-0.258424
-0.049107
0.149136
0.038158
-0.002235
0.192230
0.018560
-0.455987
-0.134601
-0.028632
-0.089080
-0.179674
0.209419
0.038013
0.056910
-0.074977
-0.280255
0.169921
-0.035546
-0.358444
0.089220
0.169619
0.296285
-0.055140
-0.329199
0.186569
-0.027579
0.042135
0.137331
0.068533
-0.247616
0.339362
0.040815
-0.073438
0.057853
0.047626
-0.210237
-0.208545
0.250418
0.122378
0.074490
-0.393964
-0.193442
0.227693
0.160782
0.143129
-0.556558
0.016114
-0.070921
0.131761
-0.103000
0.109168
0.162413
0.018333
0.026414
-0.151772
0.376712
-0.364448
-0.316329
0.280491
0.229638
-0.383013
-0.051140
-0.328014
0.190869
-0.069262
-0.382441
-0.029994
0.142443
-0.095991
0.140020
0.042838
-0.300763
0.327398
-0.318811
-0.441300
0.048779
0.233066
0.077121
-0.186743
-0.056249
-0.338307
0.202096
-0.361088
0.093060
-0.260628
0.075903
0.129044
-0.152537
0.165744
0.068865
-0.316560
0.163929
-0.002294
-0.207568
0.353265
0.286212
0.228084
-0.137215
-0.167919
-0.027644
0.314169
-0.229762
0.044515
0.170615
0.279331
0.257768
0.099043
0.163544
0.345140
0.001027
-0.417352
-0.240685
0.048735
0.172336
0.145899
-0.027209
-0.198233
-0.168299
-0.158562
-0.457876
-0.216357
-0.346521
0.151183
-0.433747
-0.050360
-0.458086
-0.099721
-0.120065
-0.040281
-0.022899
-0.062831
0.161392
0.008023
-0.128887
-0.105822
0.005059
0.049929
0.099559
0.054911
-0.062694
0.116226
-0.137207
-0.133778
0.156216
-0.085623
-0.122628
-0.158624
-0.076256
0.139906
0.140141
-0.103053
0.053310
-0.037732
-0.129827
-0.170523
-0.038786
0.099104
-0.153719
0.042711
0.025180
0.134212
-0.073187
0.015534
-0.138245
0.008465
0.167604
0.094241
-0.005446
-0.133777
-0.081414
0.111630
-0.030365
0.156602
-0.171395
-0.060625
0.115316
0.016313
-0.021555
0.111270
-0.111619
0.096940
0.080239
0.063512
0.083090
0.111237
0.092171
-0.033348
0.140085
-0.042866
-0.044420
0.066053
-0.114144
0.192657
0.025321
-0.144243
-0.003039
0.050959
0.093444
0.037644
0.126008
0.045617
0.069285
-0.109425
0.157508
-0.016550
0.050893
0.002764
0.018095
0.133166
0.047438
0.113766
0.155156
-0.338202
-0.160985
-0.054824
-0.471832
-0.038000
-0.129300
-0.108802
-0.401839
0.494127
-0.307416
-0.399331
0.102643
0.269456
-0.078417
0.277921
0.169751
0.311911
0.155603
0.074452
0.416045
-0.177988
0.200984
-0.254085
0.186394
0.190286
0.098436
0.042791
0.185167
-0.157107
-0.230857
-0.407057
-0.192597
-0.225804
0.015247
-0.221514
-0.128778
0.117655
0.153040
-0.048306
0.322708
0.377293
0.166793
0.412512
-0.323884
-0.196082
-0.399583
0.011904
0.044283
-0.265236
0.111316
-0.099880
-0.149411
0.237328
0.382567
-0.090128
-0.057828
0.122559
-0.113294
0.108266
0.211461
-0.185365
0.072282
-0.312829
-0.620388
0.074711
0.190460
-0.285137
-0.319448
-0.149580
0.308062
-0.139949
-0.398482
-0.444753
-0.251633
-0.086457
-0.286659
0.275706
0.004429
-0.397260
-0.214965
0.417741
-0.248368
0.145304
-0.197915
-0.164394
0.140743
0.097087
0.021028
-0.051317
0.091610
-0.076727
0.061551
0.160587
0.111707
-0.141537
-0.092032
0.121592
0.071321
0.089999
0.161101
-0.167629
-0.036750
-0.101257
-0.052371
0.134496
0.164754
0.102034
-0.027054
-0.145183
-0.042558
-0.101917
0.099397
-0.150231
-0.098693
0.105634
0.058014
-0.085007
-0.071766
-0.011922
0.154239
0.100083
-0.085579
0.116069
0.044051
-0.065880
-0.007444
0.073912
0.025386
0.126110
-0.095699
-0.000666
-0.077153
-0.133504
0.117064
0.004349
0.086729
0.034640
-0.095514
-0.118945
0.044344
-0.118092
-0.069632
-0.093634
-0.005423
0.160223
-0.148126
-0.130611
-0.039938
0.067308
0.073754
0.055599
0.030977
0.157438
0.084891
-0.117872
0.032617
-0.146503
0.115895
-0.080007
-0.066635
-0.162947
-0.124765
0.175716
-0.047986
-0.015046
0.148596
-0.119387
0.032869
-0.137554
0.066583
-0.001645
-0.123524
-0.048471
0.118074
0.168081
0.027175
0.089601
0.083831
-0.146259
-0.127635
-0.119153
0.042573
0.107997
0.136844
-0.126273
-0.122801
-0.093710
0.014098
-0.049443
-0.061400
-0.166435
-0.116049
-0.053478
0.025315
0.091719
-0.123495
0.110935
-0.148477
0.053131
-0.161822
0.162466
-0.064704
0.037778
-0.074212
0.137902
0.169149
0.068299
0.042379
-0.037620
-0.113102
-0.143549
-0.121562
0.087067
-0.090260
-0.157049
0.113802
-0.003071
-0.024348
-0.112842
-0.082401
0.116759
-0.064574
0.149595
0.097395
-0.157010
-0.022722
0.139022
-0.154392
-0.009220
-0.016970
-0.111305
0.092297
-0.052570
-0.007472
0.136080
0.015484
-0.081862
-0.072230
-0.069848
-0.000222
-0.049209
-0.165412
0.033236
0.009752
0.034357
-0.028722
-0.122111
0.122626
0.176222
0.006264
0.063152
-0.100694
0.202926
0.042218
-0.282323
0.259900
0.138789
0.257301
0.385636
0.259012
0.079225
0.409197
-0.149819
0.458886
-0.010757
-0.147930
0.109647
-0.009837
-0.072698
-0.237202
-0.115759
-0.224178
-0.258611
0.076744
-0.031953
0.294254
0.324733
0.159309
0.127411
-0.341847
0.121441
0.281705
-0.130242
0.337404
-0.087436
0.035830
-0.179286
-0.378472
-0.017631
0.099325
-0.268156
0.540563
-0.297611
-0.010030
-0.156970
0.199670
-0.167555
0.332097
0.231483
0.509872
0.321619
-0.000726
0.087564
-0.186062
0.461241
-0.167971
0.050300
0.141865
-0.140289
-0.192800
0.305044
0.038446
0.119639
0.108630
0.190130
-0.119983
0.138597
0.379176
0.100395
-0.139053
-0.055107
-0.087644
-0.096591
-0.018003
0.138454
-0.132368
-0.173366
-0.047882
-0.152594
0.082433
-0.144966
-0.152633
-0.220560
-0.012390
-0.154653
-0.149072
-0.426282
-0.078347
-0.161934
0.040355
-0.103385
0.226696
0.391453
0.264272
0.190377
0.222882
-0.371857
0.137168
-0.408146
-0.325262
0.058894
-0.046248
0.123984
0.021775
-0.167189
0.064272
0.549462
-0.310241
-0.503075
-0.075897
0.050862
-0.328366
-0.241531
0.083963
-0.098628
-0.301416
0.368125
-0.186122
-0.284080
0.004683
-0.266328
0.203880
-0.223346
-0.201115
-0.069577
-0.134772
0.015926
-0.209821
-0.119903
0.323321
-0.012506
0.115817
-0.087062
-0.016695
0.361280
0.011307
-0.118216
0.124577
0.318744
0.146652
0.399659
0.009146
-0.052059
0.025305
0.344374
0.077517
0.137556
-0.035767
-0.063724
-0.052315
-0.064095
-0.091879
0.058915
-0.101914
-0.371212
0.171167
0.104021
0.459251
-0.051420
0.152297
0.039856
-0.122881
0.001257
-0.179894
-0.039803
-0.164829
-0.019884
0.041917
-0.108776
-0.149812
0.255300
0.335300
0.154857
0.031702
0.297400
-0.321191
-0.081422
-0.206191
-0.298038
0.074949
0.241563
-0.061044
0.336539
0.276199
-0.342977
-0.197748
-0.222892
0.218910
0.344178
-0.088632
0.060559
0.284829
0.206987
-0.126343
-0.120235
0.061561
0.080625
-0.010754
0.044561
0.044701
0.446120
0.119515
0.035176
0.231700
0.154080
-0.221556
0.287236
-0.035778
0.015553
0.222948
-0.130229
0.079584
0.177558
-0.100407
-0.208595
0.142355
0.184384
0.075455
-0.119444
0.446811
-0.053069
-0.223107
-0.139394
-0.029174
0.037639
0.126543
0.038014
0.231925
-0.380415
-0.112357
-0.213762
-0.252225
-0.213775
-0.011621
-0.104330
-0.302051
0.465317
-0.244188
0.126748
-0.082842
-0.188744
-0.101662
0.467773
0.469049
0.118598
0.198109
-0.060145
0.185540
-0.099113
0.428186
0.140508
0.210000
-0.230757
-0.426282
0.033047
0.191645
0.049939
-0.187476
-0.220584
0.044616
-0.087269
-0.171315
0.008800
-0.100173
-0.013738
-0.026302
0.104081
0.008549
-0.146020
-0.239767
-0.265179
-0.073937
-0.080374
-0.020108
-0.194309
0.051816
-0.016593
-0.205889
0.171060
0.043424
-0.387038
-0.099880
-0.026130
-0.094363
-0.015598
0.084204
-0.097011
-0.168268
0.178392
-0.072692
0.181357
-0.102879
-0.062716
-0.002453
-0.232576
-0.107029
-0.203386
0.106235
-0.205271
-0.321545
0.100185
0.122986
0.090844
-0.019188
0.269004
-0.121835
-0.204437
-0.339937
-0.147115
0.121289
0.204136
-0.012820
-0.032970
-0.097941
-0.156447
-0.209254
-0.161100
0.074313
-0.084267
-0.535659
0.203236
-0.075237
-0.202542
-0.311506
-0.099899
-0.064808
0.060692
-0.053729
-0.091415
0.331761
-0.082833
0.137633
-0.055427
-0.070791
-0.042924
0.338936
-0.083366
-0.038887
0.197337
-0.372095
-0.263955
-0.211572
0.128405
-0.192803
0.040175
0.168298
-0.273569
-0.222533
-0.187534
0.233053
-0.188298
-0.547387
0.101347
0.138474
-0.232773
-0.296965
-0.433233
0.045444
-0.436417
-0.185845
0.324933
0.224995
-0.240071
0.353298
0.163139
-0.175338
0.235573
-0.172368
-0.093857
0.323573
0.215913
0.041248
-0.437887
-0.329593
-0.169248
0.385196
-0.240963
0.167303
-0.311864
0.126045
0.098605
-0.121764
0.166859
-0.028190
-0.125054
0.312104
-0.047341
-0.285639
0.232570
0.001355
0.036783
-0.265558
-0.142432
-0.400329
0.205300
-0.547560
-0.273554
0.214068
0.220130
0.198024
0.166462
-0.322600
0.237197
0.362207
-0.345043
-0.285926
0.268827
-0.136790
0.260636
-0.116023
-0.325419
-0.451798
-0.264745
-0.144717
-0.633013
-0.461863
-0.030564
-0.333118
-0.094084
-0.273319
-0.056450
-0.109794
0.196669
0.035621
0.012518
0.186245
-0.178227
0.215533
0.265419
0.239852
0.130266
0.246737
-0.257229
0.364942
-0.024334
-0.172393
0.293651
0.343116
0.191258
0.111570
-0.296332
0.114416
0.153837
-0.107577
0.033663
-0.001370
0.126575
0.268944
-0.020689
-0.008529
0.202150
-0.046039
-0.319476
0.186392
0.195284
-0.107824
-0.074174
0.027808
-0.061342
0.319363
0.088766
0.296975
-0.187776
-0.091463
-0.180251
0.014482
0.072347
0.078553
0.140358
0.200345
0.223189
-0.318627
0.469277
0.399180
0.167802
-0.073779
-0.078827
-0.034241
0.290101
-0.076702
-0.101927
0.320743
0.318720
0.126074
0.053125
-0.085134
0.340620
0.009982
-0.064066
0.316461
-0.056225
-0.055798
0.502231
0.073245
-0.091484
0.035962
-0.063017
-0.148923
0.032306
0.027829
0.282555
-0.333834
-0.172368
-0.173307
0.141761
0.087157
-0.169218
-0.052703
-0.163898
-0.041896
0.017182
0.347302
0.199753
0.136787
-0.130695
-0.009880
-0.462989
0.298763
0.099041
-0.309740
-0.036801
0.287619
0.143735
0.390370
-0.199374
0.147850
-0.079937
-0.121862
-0.343496
-0.074568
0.476852
-0.095981
-0.433270
0.009300
0.020711
-0.050423
0.293509
0.071438
-0.147895
0.021467
-0.413457
0.003742
-0.042579
-0.192731
-0.293382
0.383514
0.201609
-0.116474
-0.223319
0.156026
0.189728
0.096479
0.117958
0.080798
0.312874
0.335243
-0.069401
0.100893
0.475318
0.205121
0.193679
0.115339
0.017417
0.018218
0.388778
0.175463
0.218509
-0.221073
0.229156
-0.198974
-0.107781
-0.165602
0.014436
-0.073528
-0.189140
0.058513
0.090945
0.177445
0.256436
-0.003129
-0.033295
-0.026974
0.092327
-0.211738
-0.207372
-0.041729
0.128298
0.304001
-0.203504
0.025940
-0.135644
-0.106331
0.471253
-0.200855
-0.073138
-0.020585
-0.217050
-0.057925
-0.237391
-0.125034
0.355191
-0.381087
-0.074677
-0.066368
0.327185
0.436284
-0.160387
0.579824
0.050924
0.296907
-0.065576
-0.117695
-0.267948
-0.213371
-0.242199
-0.356472
0.265128
0.100512
-0.171412
-0.324870
-0.138471
-0.309232
0.209060
-0.231620
0.406559
0.259755
-0.180348
-0.014248
0.097060
-0.346114
0.039315
-0.214853
-0.181040
0.204438
0.176950
-0.240802
-0.240329
-0.281911
0.117989
-0.396496
0.055027
0.491327
-0.282237
0.105591
0.011417
-0.176726
-0.113657
-0.040882
-0.246003
-0.257493
0.124353
0.205686
-0.205314
0.335442
-0.154103
0.069646
-0.260664
0.451951
0.184147
0.015934
0.485069
0.304210
-0.124795
0.105053
-0.022322
-0.259255
0.481657
-0.244286
0.117124
0.118841
0.251814
-0.196299
0.345717
0.268339
-0.343241
-0.330316
0.070711
0.053177
-0.175623
-0.239005
-0.252173
0.134656
0.256287
0.069557
-0.289743
-0.053754
-0.199502
-0.146002
0.118140
-0.009851
0.058228
-0.002860
-0.095583
-0.291853
0.146218
-0.091836
-0.426172
0.219900
0.015825
-0.031579
0.297396
0.079519
-0.150123
-0.060208
0.039717
-0.366293
0.023737
0.100649
-0.466818
-0.184289
-0.014521
-0.347746
-0.298387
0.099985
-0.050786
-0.255679
-0.265078
0.107294
-0.163800
0.455583
-0.015402
-0.064835
0.031946
0.115979
-0.404558
-0.481991
0.104118
0.253185
0.275807
-0.024789
-0.059737
0.104397
0.533622
0.019186
0.054974
0.066860
0.094601
0.065505
-0.050158
0.105987
-0.181890
-0.080475
-0.139121
0.134926
-0.102953
0.245080
-0.004847
-0.119445
-0.311583
-0.345208
0.072722
-0.066255
0.092740
-0.370727
-0.336211
-0.386573
0.052806
-0.303915
0.103229
-0.097274
0.113360
-0.137376
0.039508
-0.360459
-0.238414
0.112243
-0.061407
-0.296092
-0.100195
-0.144539
-0.163773
0.105435
-0.238365
-0.053845
-0.073526
0.239851
0.087462
0.159586
0.101121
-0.579360
-0.189128
-0.297053
-0.208983
-0.416622
0.064211
0.136815
-0.306403
-0.485684
0.038648
-0.372614
-0.119839
0.111916
0.098795
-0.020288
-0.018328
-0.096785
0.177562
-0.333646
0.149065
0.208635
-0.116277
-0.090777
0.091574
-0.028142
-0.058864
-0.357091
-0.342084
-0.174242
-0.127125
0.034713
-0.157574
-0.190558
0.024146
-0.034501
-0.226985
0.144715
-0.197371
0.108503
-0.010497
-0.066844
0.133435
0.026815
0.117217
-0.069963
0.062054
-0.009309
0.031976
-0.008932
0.316433
0.166497
-0.086451
0.077026
0.060979
-0.138837
-0.100983
-0.027261
0.155977
0.170309
-0.303976
-0.043492
-0.079795
0.117299
0.226179
0.447729
0.123884
0.000017
-0.262903
-0.037579
0.154094
-0.683423
-0.456712
0.045777
-0.131659
-0.070106
-0.103429
0.104610
-0.221529
-0.098872
-0.073775
0.081185
-0.238097
0.053827
-0.122521
0.109379
-0.126535
-0.107585
-0.154523
0.088721
-0.424981
-0.123823
-0.069646
0.000078
-0.074976
0.144364
-0.064386
-0.049844
0.630926
-0.075051
0.539844
-0.193636
-0.070310
-0.130883
-0.052318
-0.055772
-0.035795
-0.049974
-0.701489
-0.371160
0.577505
-0.046372
-0.016964
-0.268922
0.589199
0.099626
-0.358682
-0.406997
-0.247654
0.065575
0.374770
0.069445
-0.330064
0.056748
-0.124299
-0.149974
0.001135
0.028654
0.135381
-0.131428
0.394258
0.139188
-0.154695
-0.165183
0.009211
-0.036584
-0.226323
-0.614179
0.024332
0.603351
0.097701
0.320177
0.013361
0.082422
0.051986
0.561241
0.133692
-0.204682
-0.066306
0.003396
0.179963
0.100672
-0.484709
0.325818
0.055871
-0.115715
-0.071704
0.126002
-0.330404
0.355359
-0.103986
-0.452760
0.073841
-0.085384
0.309057
-0.030571
-0.222539
0.037421
-0.118779
-0.418569
0.004249
-0.236836
0.207602
0.253510
-0.132791
-0.258537
0.352096
0.280935
-0.516051
0.346701
0.487760
-0.396873
0.089948
0.363129
0.014029
-0.127188
-0.090364
0.071179
-0.425009
-0.261149
-0.352559
0.141822
-0.087220
-0.241458
-0.000235
0.249382
0.200306
-0.253764
0.383539
0.171010
-0.142979
-0.039497
-0.211081
-0.078325
0.403293
-0.128099
-0.343268
0.061311
0.046472
-0.077559
-0.098661
-0.055735
0.228138
-0.078691
-0.016737
0.084362
-0.440006
0.158105
0.159471
0.220687
-0.255737
-0.085635
-0.317980
0.058106
0.152045
-0.057415
-0.170799
-0.486257
-0.050156
-0.215073
0.214746
0.357214
-0.303602
0.283483
-0.269557
0.226641
-0.156398
0.263172
0.467907
-0.198677
-0.022112
0.349729
0.084287
0.022062
0.132022
-0.305560
0.102222
0.066769
-0.004261
-0.321132
-0.017361
0.000366
0.340503
0.143654
0.224408
0.075111
0.126438
0.377888
-0.115669
-0.330488
0.189061
0.291564
-0.024229
0.238553
0.001513
0.053911
0.303475
0.047081
0.265131
0.018767
-0.315422
0.395474
-0.027785
-0.108841
0.190386
0.145839
-0.192230
0.041855
0.115153
0.174109
0.131516
0.127878
0.094974
0.282510
0.119868
-0.123894
-0.085015
-0.143996
0.201281
-0.224689
-0.020367
-0.113686
0.386486
0.022298
-0.313396
-0.228427
-0.006794
-0.144285
0.302686
0.160201
0.123126
0.116041
0.227092
0.433287
0.257040
-0.149491
-0.360315
0.263574
-0.140645
0.063125
-0.314241
-0.167434
0.300199
0.386992
0.270758
0.154249
0.149312
0.048160
0.076022
0.190463
-0.050454
0.182776
0.022546
0.109215
0.051054
0.007783
0.008186
0.061847
-0.035542
0.108356
0.112904
0.106915
0.070592
0.080607
-0.021733
-0.098822
0.082646
0.062307
-0.100356
0.012928
0.037771
-0.054144
0.054928
-0.038850
0.062080
0.125847
-0.022200
-0.006056
0.152472
0.082260
-0.061471
-0.072043
0.010415
0.063851
0.203420
0.114659
0.035015
0.043411
0.189313
0.092164
0.128615
0.128239
0.018251
0.126645
0.098764
-0.096700
0.146453
0.295781
0.111499
0.183540
0.057109
0.098952
0.181435
0.094620
-0.094721
0.257566
0.103972
0.026553
0.145888
0.060815
0.109500
0.179904
0.075562
0.041390
0.014666
0.269624
0.056760
0.136344
0.057235
0.097434
0.095206
0.103414
-0.040061
0.247729
0.177107
0.145709
-0.185099
0.135054
0.024467
-0.083887
-0.246650
0.252313
-0.046015
-0.088901
0.211422
0.234616
0.161573
-0.297903
0.349730
0.191557
-0.147381
-0.474017
-0.176144
-0.099745
0.428594
0.114473
0.474727
0.086793
-0.315563
0.182856
0.412595
-0.273869
-0.208418
-0.236647
0.182146
-0.328904
-0.290030
-0.337619
0.324754
0.061896
0.162166
0.378080
-0.133749
-0.233653
-0.476812
0.183631
-0.234731
-0.226451
-0.389618
-0.027187
0.172169
-0.218747
0.443581
0.154271
0.011527
-0.253558
-0.308530
-0.195910
-0.403987
-0.475001
-0.407639
-0.007210
0.094560
0.183868
-0.040502
-0.279115
-0.269341
-0.245403
0.068533
0.453858
0.081257
-0.334622
-0.351507
-0.146914
-0.197797
-0.259789
-0.074625
-0.225646
-0.335373
0.241361
-0.203242
0.006758
-0.315347
0.135099
0.136660
-0.132551
0.371702
-0.272373
-0.241525
0.124562
0.295689
-0.025593
-0.275944
0.072236
-0.257590
-0.083052
0.257946
-0.003271
-0.536302
-0.571497
-0.673517
-0.030165
0.098292
-0.088431
0.481108
-0.283255
-0.064668
-0.044477
0.223319
0.093326
0.256771
-0.025285
0.098756
-0.091357
-0.151225
0.278888
-0.263186
0.447835
-0.285884
0.095500
0.498874
-0.031249
-0.035903
0.194275
0.034061
-0.427301
0.270169
-0.300663
0.413028
-0.233690
0.074665
-0.093487
-0.112286
-0.039513
0.009714
-0.129787
-0.324546
0.200823
-0.114233
-0.031465
0.336576
-0.187624
-0.384114
-0.109672
0.046326
-0.355947
-0.291241
-0.045727
-0.418228
0.215341
-0.046323
0.019654
0.258559
0.047208
-0.187944
0.126829
0.008649
0.382275
-0.259542
0.087997
0.154750
0.412856
0.181478
-0.442300
-0.496713
0.215900
0.002223
0.157250
-0.606359
-0.186822
-0.138073
0.035903
0.236020
0.089673
0.226482
-0.444443
0.242847
-0.146570
-0.240869
0.519672
-0.391189
0.036252
-0.049305
0.222155
0.226414
0.182642
0.150244
0.199779
-0.279468
0.201688
0.010303
-0.502444
0.117485
-0.152892
0.333190
-0.261298
-0.247078
0.135605
-0.079492
-0.430819
0.219518
-0.155026
0.216133
0.065683
0.133555
-0.478566
0.175727
0.116861
-0.375327
0.133921
0.252063
-0.489613
0.240312
0.295453
-0.230237
0.228802
-0.352765
0.094933
0.003458
-0.333475
-0.258551
0.271496
0.154583
0.130743
-0.085814
-0.016540
0.226993
-0.335409
0.184535
0.285034
0.306707
0.101143
0.021664
-0.295753
0.036309
-0.325003
-0.076999
-0.050411
-0.054217
-0.217273
-0.121633
-0.186192
0.222858
-0.106998
0.002921
0.262033
-0.265062
0.183054
0.069845
0.336831
-0.393461
0.084348
-0.097164
0.117764
-0.334803
0.249381
-0.081210
-0.342810
-0.545069
0.168540
0.027064
0.336944
-0.058914
-0.152831
0.372431
-0.309561
-0.148211
-0.436965
-0.213999
0.198691
-0.104284
-0.360199
-0.026505
-0.059079
-0.219426
0.006459
0.053990
0.080015
-0.131621
0.109867
0.042205
0.125530
-0.054195
-0.135401
-0.319332
0.126743
-0.321192
-0.426087
-0.012386
0.073813
-0.379425
-0.263034
0.130492
-0.290011
-0.320291
-0.001387
0.033600
0.034046
-0.150341
-0.135395
-0.105932
-0.206434
-0.134477
-0.027236
-0.046257
-0.227993
0.291335
-0.123979
-0.063982
-0.233247
-0.277637
-0.149445
-0.073100
-0.039518
0.143604
-0.035894
-0.125291
0.210610
-0.050217
0.193314
0.030641
0.032392
0.054071
0.233109
0.233112
0.451167
0.034544
0.100177
-0.051839
0.088347
0.123135
0.231538
0.090950
-0.020514
-0.211689
0.153187
-0.384859
0.111680
-0.318053
0.067403
0.353282
-0.104375
-0.139370
-0.069126
-0.041311
-0.119084
0.541098
0.070132
0.189133
-0.063087
-0.378366
-0.293827
-0.009796
0.026796
-0.317806
-0.268720
-0.359052
-0.250160
-0.469225
0.056279
-0.018551
-0.005072
-0.049873
-0.036155
0.154704
0.119222
0.088065
-0.022608
-0.276516
0.021749
-0.319835
-0.130236
-0.258393
0.230747
-0.378430
-0.150319
0.117337
0.028906
-0.332381
0.276259
-0.063909
-0.763507
0.067734
-0.405026
0.264377
-0.368674
-0.076288
0.277071
-0.267389
-0.346188
0.037795
-0.307601
0.073767
-0.027020
-0.392809
-0.267019
0.215471
0.033855
0.053631
-0.049060
-0.142842
0.101284
0.240829
-0.049338
-0.304703
0.388605
0.089878
0.128230
0.144215
0.028604
0.353026
-0.103909
0.137337
0.054479
-0.337230
0.073915
0.320589
-0.494040
-0.288483
-0.357842
0.050306
0.157970
0.041515
0.106925
0.131467
0.152198
-0.228230
0.147118
-0.066767
-0.565280
-0.461305
-0.340371
-0.171039
-0.056375
-0.082254
-0.349431
0.313872
0.293691
-0.120240
0.177850
-0.198609
0.125587
-0.366938
-0.108191
-0.410561
-0.117909
-0.062269
0.366122
-0.219817
-0.480690
0.169479
-0.174150
-0.395450
0.027213
0.147474
-0.417961
-0.142049
-0.214807
-0.447172
-0.289615
0.399190
-0.448568
-0.248852
0.200997
-0.343555
-0.109818
-0.181957
-0.337715
-0.413870
0.133011
-0.115061
-0.409609
-0.207498
-0.010065
-0.303342
0.455867
0.411938
0.054268
0.088657
0.239181
-0.247495
-0.446511
0.229845
-0.121063
0.216761
0.535191
-0.289922
0.215845
0.338409
-0.406009
0.196403
-0.372435
0.229990
0.175051
-0.352784
0.035475
0.057977
-0.378130
-0.261226
-0.102162
-0.398401
0.169150
0.361730
0.063734
-0.065816
0.112606
-0.111834
-0.257942
-0.612391
-0.329537
-0.127305
0.059402
-0.242562
-0.269338
-0.027441
-0.043546
0.167231
0.233704
0.014552
0.176834
-0.010032
-0.055377
0.217218
0.287440
-0.190254
-0.033133
-0.260976
-0.026634
-0.170810
-0.154435
-0.065614
0.271307
-0.111341
-0.252374
0.195642
-0.050343
-0.167173
-0.249899
0.423036
-0.390066
-0.394333
0.132161
-0.329843
-0.056244
0.281545
-0.188132
-0.112734
0.226364
-0.005609
0.061245
0.030178
-0.160082
0.076017
0.025047
0.060945
-0.137371
-0.238085
0.265763
-0.142081
0.109877
-0.003825
-0.062473
0.387315
0.243284
-0.121733
-0.267426
0.033186
0.091117
0.448207
0.350610
-0.435177
0.285221
0.270375
-0.150358
0.283742
-0.267865
0.296825
0.090150
-0.369600
0.011258
0.025906
0.116226
-0.370825
-0.284631
-0.047054
0.398823
0.168301
-0.138451
0.013368
-0.130338
-0.032356
0.057380
-0.191465
-0.056228
-0.329299
0.056783
-0.103243
-0.262728
0.160688
-0.121316
-0.048188
0.198581
0.186755
-0.042110
0.318806
0.180478
-0.110040
0.140864
-0.091249
0.118371
-0.069481
-0.404428
0.263010
0.229127
-0.203416
-0.341165
-0.445152
0.317965
-0.171705
-0.373152
0.064436
0.052071
-0.009482
-0.004201
0.177446
-0.048757
-0.006608
0.044660
-0.339831
-0.024713
0.129640
-0.022326
0.059392
0.156722
-0.072166
0.054898
-0.039779
0.005821
-0.191763
0.100385
0.139500
0.253915
0.274686
0.122094
-0.220499
-0.032006
0.229661
-0.306665
-0.024420
0.321082
0.088791
-0.122396
-0.285195
-0.342941
0.098075
-0.378383
-0.300092
0.163565
0.357870
0.222612
0.114795
-0.128014
0.352205
0.099261
-0.268183
0.175049
0.064405
-0.195103
0.599262
0.230885
-0.395736
-0.010795
-0.249966
-0.124564
0.078827
0.070205
0.088436
-0.324877
-0.061483
-0.247238
0.236815
0.184918
-0.357119
-0.437253
0.114625
-0.503230
0.032635
-0.119963
-0.396821
0.333924
-0.297297
-0.416258
0.005477
-0.263213
0.043293
0.070320
0.131594
0.230178
-0.169670
0.161688
-0.370127
0.219102
-0.039454
-0.226513
0.107110
-0.053575
-0.127884
-0.367955
0.261714
0.037166
-0.280167
-0.386847
-0.075531
-0.457733
-0.116772
0.004585
-0.028000
0.054329
-0.451360
0.221988
0.131937
-0.587489
0.144135
-0.110123
0.041338
0.037791
0.268907
0.005423
-0.500076
-0.249729
0.102553
-0.007921
-0.262143
0.126141
-0.161723
-0.171329
0.090337
-0.260481
-0.495073
0.066431
-0.282826
-0.131326
0.210225
0.397383
-0.293550
0.081832
-0.476006
-0.111445
-0.294194
-0.050970
0.429762
-0.142783
0.295016
0.248303
-0.087957
0.129418
0.136464
-0.420135
0.110915
-0.118955
0.142406
-0.090482
0.079848
-0.254275
0.025546
0.280930
-0.090464
0.270521
-0.289055
0.236851
-0.139152
-0.013288
-0.288434
-0.161494
0.104304
0.235957
0.192157
-0.520779
-0.265972
-0.055347
0.363958
-0.433165
0.413929
-0.199119
-0.042643
-0.412543
0.267601
-0.064824
-0.098074
0.030730
-0.164103
0.167206
0.227060
-0.026445
0.705364
0.369026
0.274521
-0.076311
0.226163
-0.148213
-0.407514
-0.065340
-0.458325
-0.567565
-0.463876
0.139585
-0.335950
-0.259051
-0.205176
0.295146
-0.280481
0.248432
0.037396
-0.392484
-0.355696
-0.275041
0.013341
-0.234481
-0.143112
0.171508
-0.202437
0.022498
-0.563123
-0.367091
0.414729
0.514688
-0.066966
-0.544812
0.201506
0.137710
-0.518465
0.112424
-0.351464
0.346190
-0.428338
-0.114236
-0.306549
0.427021
-0.241148
0.360558
-0.241114
-0.371982
-0.283680
0.211571
0.310814
0.382819
-0.207046
-0.250513
0.076634
-0.158102
-0.172770
0.044279
0.064028
-0.269349
-0.082628
0.029855
-0.018681
-0.350325
0.456411
-0.069047
-0.116936
0.029895
0.140733
-0.144683
0.359195
0.164994
0.307424
-0.079430
0.134136
0.073001
0.386443
0.197647
-0.133836
0.050621
0.246159
0.176081
-0.040612
0.209040
-0.001288
-0.201296
0.015351
-0.155088
-0.205801
-0.017617
-0.030573
0.142431
0.186779
0.183418
0.008290
0.103530
0.320586
0.054041
0.319380
0.119684
0.030762
-0.453960
-0.023025
-0.007907
-0.328440
-0.033038
-0.505321
-0.013704
0.151658
0.582573
0.102199
-0.158509
0.024758
-0.045826
0.061748
0.362082
-0.273792
0.173991
-0.190060
-0.147737
0.099117
0.075660
-0.146990
-0.164486
-0.291059
0.360028
-0.060614
0.082621
-0.644237
0.017713
0.019860
-0.607518
0.236380
0.150195
0.041052
0.095294
0.359746
-0.007049
-0.038858
0.124309
-0.138390
0.043140
-0.047070
-0.097650
0.099224
-0.121234
0.137457
0.020777
0.045118
-0.110766
0.056109
0.168132
0.087793
-0.123950
0.021183
0.006242
0.013232
0.077408
-0.018242
-0.071418
0.041905
-0.013429
0.029015
0.072094
-0.112299
-0.054932
-0.068907
-0.018951
-0.115881
0.150897
0.056076
0.012558
0.011393
-0.162241
-0.013893
-0.117582
0.071569
0.194130
-0.027210
-0.148573
0.023319
-0.013622
-0.009386
0.169573
0.143674
-0.105659
0.095176
-0.029116
-0.084806
-0.064124
-0.026338
-0.008415
0.046178
-0.129952
0.014287
0.157815
0.105508
0.078618
-0.008393
-0.048249
0.063697
-0.100772
0.039887
0.072531
-0.029925
-0.029405
-0.168086
0.116163
-0.166291
0.054952
-0.006737
0.096999
-0.140595
-0.076771
-0.026126
0.061012
-0.006295
-0.041727
0.162547
-0.087873
0.019002
-0.119794
0.073338
-0.004907
0.204991
0.341480
-0.141675
-0.042420
-0.179132
0.049763
0.056822
-0.417685
-0.014016
-0.057164
-0.142527
0.022827
0.157157
-0.012811
-0.535264
-0.347001
0.284479
-0.086805
0.095465
-0.304422
-0.010778
0.141682
0.004077
-0.235092
-0.012524
0.232332
-0.107660
0.053336
0.126073
0.189308
0.025632
0.131088
0.190374
-0.044707
0.378365
0.062780
0.691353
-0.039252
-0.053156
0.098100
-0.132644
-0.047177
0.055148
0.257845
-0.269589
-0.214861
0.712802
-0.013564
-0.007314
0.044570
0.162701
0.003886
-0.369470
-0.039706
-0.453399
-0.002972
0.052002
-0.002385
-0.073697
-0.255288
0.114511
-0.284499
-0.179895
0.074951
-0.052910
-0.292493
0.422392
0.019005
-0.082810
0.061230
-0.103314
0.100056
0.099583
-0.209956
-0.040683
0.512203
-0.116919
0.320301
-0.232023
-0.016081
0.175484
0.573075
0.069394
0.200975
0.328641
0.037278
-0.308423
-0.022966
0.227556
-0.154165
0.186053
0.520496
-0.120206
-0.144885
-0.178762
0.418100
-0.196452
0.147560
0.032824
0.248497
-0.104357
0.005509
0.005583
0.381259
0.103934
0.066989
0.197562
0.275754
-0.271699
-0.099459
0.338929
0.003842
-0.119657
-0.151697
0.062503
-0.047952
-0.396545
0.420788
-0.161194
0.172101
-0.018922
0.061503
0.175169
0.007396
0.344441
0.485994
0.369923
-0.191650
0.462403
0.464871
-0.132288
0.015847
-0.275737
0.051076
-0.246866
-0.033114
0.425457
-0.165879
0.205154
-0.266421
0.124598
0.309376
-0.025179
0.453082
0.309826
0.366220
0.264033
-0.431021
0.345418
0.181824
-0.123912
-0.150488
0.267028
-0.142885
0.470810
0.078148
-0.195569
0.003681
0.117378
-0.358719
0.152041
0.031257
0.379886
0.004855
-0.288397
-0.193636
-0.204915
-0.180220
0.086003
-0.218525
-0.286149
-0.040735
0.327382
-0.164157
0.038460
0.096052
-0.467982
-0.105044
-0.101850
0.146827
-0.073501
-0.022944
-0.075110
-0.123320
-0.056651
-0.138885
-0.040797
-0.078546
-0.086322
-0.122101
0.268559
-0.018984
-0.070756
0.061906
0.204465
-0.129640
0.059815
-0.031125
0.002434
-0.018300
-0.000943
0.320706
-0.382856
-0.018815
-0.472749
0.333076
-0.042264
0.112017
0.077668
0.055686
0.300710
-0.190257
0.074368
0.231325
-0.216781
0.134628
-0.051870
0.050908
-0.123864
-0.061882
0.179846
-0.241690
0.094118
-0.275572
-0.147451
-0.106182
-0.023221
-0.095007
-0.011519
0.004699
0.062527
-0.488485
-0.016283
0.019560
-0.251973
-0.030827
0.293034
-0.147648
-0.095341
0.047027
0.082900
-0.000476
-0.005588
-0.078231
-0.297124
-0.393160
-0.124130
-0.202258
-0.167000
-0.053490
-0.230735
0.049922
0.154947
-0.154746
-0.271708
0.222451
-0.084174
0.022635
0.069875
-0.222073
-0.286861
0.056065
0.010316
0.058597
0.041327
-0.354547
-0.242310
-0.205650
-0.151029
-0.221266
-0.441929
-0.309643
0.070777
-0.443745
0.200693
-0.052489
0.116478
0.252401
-0.131481
-0.134342
-0.050376
0.190376
-0.155726
0.246154
0.205665
-0.284604
0.203939
0.077158
0.219303
0.113321
-0.168538
-0.039030
-0.439478
-0.344693
-0.376479
0.156266
-0.075226
-0.176779
0.019169
0.046212
0.105518
-0.122935
0.288969
0.062736
-0.204644
-0.317843
-0.182602
-0.283898
0.135600
-0.407628
-0.277731
-0.404580
-0.072608
-0.258447
-0.360406
-0.278602
0.033791
-0.203211
0.094637
0.079534
-0.064422
-0.165773
0.161110
0.259456
-0.144817
-0.154798
-0.302115
0.081735
-0.215638
0.050372
-0.383208
-0.369687
-0.016314
-0.032922
0.086575
0.101872
0.180679
0.085235
-0.045170
-0.139028
-0.066540
-0.115230
-0.030011
-0.162115
-0.051048
-0.101139
0.134279
-0.001865
-0.045042
0.167228
-0.255393
-0.171076
-0.384755
-0.245710
-0.041531
-0.216466
-0.134368
0.123474
0.103373
-0.046500
-0.083860
0.071353
-0.162204
-0.086499
0.128210
-0.243608
0.118702
0.156449
-0.077093
0.234996
-0.046391
-0.187395
-0.000432
0.035297
-0.320240
0.175670
-0.324906
0.116252
0.065398
-0.087482
-0.195183
0.039830
0.335245
0.440478
0.000167
0.252608
0.203051
-0.066903
-0.044921
-0.426746
0.011282
0.099613
0.199508
0.105549
-0.104329
-0.190526
-0.015944
-0.018069
-0.078936
0.201622
-0.258076
-0.078020
0.426942
-0.302045
0.117604
-0.470130
-0.314319
-0.208552
0.326414
-0.049165
-0.211321
0.423727
-0.355414
0.300626
-0.088163
0.060953
0.006639
0.304238
-0.210931
-0.181355
0.136006
0.127590
0.144800
-0.030834
-0.151950
-0.000974
-0.163122
0.140037
-0.150890
0.159771
-0.164783
0.144657
-0.082347
0.044986
-0.056356
-0.015898
0.113842
-0.072249
0.014550
0.068762
-0.102955
0.149367
-0.109774
0.142063
-0.057194
0.100676
-0.152877
0.057251
-0.057327
-0.122381
0.136171
0.058319
0.069954
0.106801
0.017970
0.030684
-0.023673
0.028357
-0.125977
0.044952
0.017124
-0.065195
0.015078
0.162398
-0.114588
0.106225
0.140873
-0.076540
0.080667
0.047042
-0.095370
-0.072460
0.053681
0.163356
-0.033195
0.125741
0.157455
-0.080326
0.136438
0.131647
0.124878
0.017708
0.091926
0.035403
-0.128329
-0.160556
0.019383
-0.032789
0.104771
-0.107334
0.150940
0.009437
-0.087746
-0.094043
-0.015550
0.149444
0.139111
-0.007033
0.082755
-0.134783
0.137297
0.128248
-0.077391
-0.100731
-0.041099
-0.035364
0.139709
-0.173519
0.007391
0.047404
0.128739
-0.018042
0.216729
-0.201809
-0.245483
-0.051175
0.128815
0.127605
0.186875
0.596016
-0.065363
0.433158
0.066212
0.502725
-0.129196
0.028741
-0.216515
-0.092450
0.673729
-0.291447
-0.283790
-0.015580
-0.117779
-0.276440
-0.033753
-0.003418
-0.352578
0.076353
-0.037281
0.081726
-0.047587
0.205394
-0.321982
0.401439
0.666724
0.104121
0.511637
-0.045186
0.092005
-0.426387
-0.276695
-0.006286
0.038456
0.013191
-0.192595
0.059927
0.803317
0.134576
0.238440
-0.034666
0.026268
0.012201
0.140557
0.180146
0.242035
-0.031843
-0.328612
-0.291507
0.068094
-0.064231
-0.037382
-0.197136
-0.045591
0.543483
0.114414
-0.110055
0.029936
-0.134153
0.082663
-0.392556
0.427691
-0.169371
-0.166932
-0.060583
0.381787
0.102009
-0.204609
0.118599
-0.282197
0.320283
0.036657
0.053777
0.079075
0.026785
-0.126752
-0.263345
0.364824
0.002535
0.109550
-0.450434
-0.300282
-0.191068
0.456370
0.030227
0.522706
0.114191
-0.244633
-0.121001
0.127960
0.090277
-0.307245
-0.301945
-0.014594
0.084353
0.126001
-0.057140
0.431924
0.146368
0.187134
0.171306
0.063834
-0.336447
0.025944
0.284062
0.036454
-0.117768
-0.303448
-0.173599
-0.038182
-0.142540
-0.058513
0.169159
0.072513
-0.142706
-0.230152
-0.406697
-0.145779
-0.355519
0.074546
-0.029761
-0.156388
0.402757
-0.202549
-0.234495
-0.271659
-0.294047
0.079954
0.428663
0.028539
-0.091206
-0.183600
0.045489
-0.366176
-0.099414
-0.258600
-0.083917
0.045481
0.023812
0.069845
0.395637
-0.334713
0.261630
0.072971
-0.259399
-0.132360
-0.021051
0.207465
0.122954
0.047105
-0.059261
-0.134787
-0.184196
-0.037969
-0.053294
0.242182
0.054392
0.010893
-0.190687
0.025324
0.116387
-0.001371
-0.135003
-0.310381
-0.045814
-0.280924
-0.070228
-0.096365
0.164818
0.050704
0.283656
-0.376785
0.033909
0.313146
-0.345377
-0.112834
-0.141956
0.024778
-0.374209
0.090711
0.080109
-0.197675
-0.236164
-0.017919
-0.344327
-0.302142
-0.157374
0.176837
-0.091129
-0.079905
-0.069766
0.351977
-0.184746
0.259843
-0.114415
-0.184522
-0.050399
0.252381
-0.227427
-0.059622
-0.233478
-0.102155
-0.163707
-0.091771
0.161841
-0.160597
0.058226
0.090400
0.017966
0.013122
0.109064
0.117959
0.249661
0.185519
0.042092
0.092140
0.068950
-0.011523
-0.184094
-0.048053
-0.026652
-0.220924
0.160283
0.248399
0.015424
-0.276783
-0.013708
0.204784
-0.053931
0.306846
0.101537
0.045233
0.011252
-0.344799
0.001993
-0.093187
-0.000156
-0.257089
-0.090676
0.082244
-0.017027
-0.376614
0.296164
0.043050
0.259944
-0.167161
0.127797
0.061771
0.171281
-0.087048
-0.346698
0.268289
0.342201
0.033200
-0.174301
-0.246860
0.083851
-0.354047
-0.436397
-0.147247
0.092608
0.350014
-0.024689
0.305381
-0.213865
0.012064
0.205700
-0.307295
-0.162674
0.428287
-0.390917
0.376813
-0.007347
0.127944
0.338074
-0.191445
-0.073106
-0.377204
-0.300104
-0.364818
0.310204
0.271095
-0.238776
-0.205715
-0.073288
0.442797
-0.341096
0.160519
0.610911
-0.142551
-0.103145
-0.282295
-0.544815
-0.167335
-0.290725
-0.115275
-0.111715
-0.220378
0.252188
-0.185316
-0.145757
-0.032293
0.284407
-0.029843
0.476768
0.210202
-0.245815
0.227113
-0.005571
-0.212940
0.102752
-0.094556
-0.158473
0.099135
0.159100
-0.054880
-0.138480
0.180778
-0.166790
0.449056
0.368576
-0.032988
0.145621
-0.060576
-0.068442
-0.136409
0.061449
-0.091635
-0.147055
0.135457
-0.105233
-0.042860
-0.091008
-0.003552
0.094607
-0.132075
0.155204
-0.143602
0.017270
-0.111218
0.111768
-0.016328
-0.065174
-0.120683
0.013679
-0.021681
0.019282
-0.038605
0.106144
-0.077946
0.089372
0.069786
0.119986
-0.117580
-0.057663
-0.056943
0.005517
0.069672
0.046585
-0.169985
-0.114943
-0.048234
0.144386
-0.084160
0.042564
0.128237
0.081039
-0.015159
-0.028165
-0.158576
-0.061123
0.118544
-0.029681
0.125182
0.035565
-0.000733
0.127731
-0.195479
-0.113695
0.034163
-0.039720
-0.069228
0.093245
-0.050443
-0.012835
0.001626
0.034471
-0.112883
-0.152411
0.120822
-0.095861
0.132778
0.113192
-0.129979
-0.028502
0.085092
0.102141
0.123323
-0.019309
-0.061993
-0.066514
0.014560
0.134656
-0.016359
-0.021607
-0.011403
0.230841
0.028015
-0.040372
0.024352
0.099103
-0.078506
0.113606
0.100970
-0.002030
-0.070256
0.090983
0.024611
0.179252
0.010649
-0.045145
0.106187
-0.068307
-0.181298
0.088740
0.070196
-0.114563
-0.151675
0.098913
0.057025
-0.000772
-0.048063
0.057404
0.144386
-0.122061
0.010025
-0.061255
-0.192602
-0.052654
-0.017500
0.006562
-0.074573
-0.015078
-0.042911
0.137152
-0.088158
0.083290
-0.040919
0.009151
0.028395
0.052371
0.076251
-0.046458
-0.002009
-0.112231
0.149478
0.137373
-0.114964
-0.030852
0.060767
0.126374
-0.077532
-0.061713
0.037771
-0.060781
0.106003
-0.030386
-0.123442
0.074261
0.055339
0.170909
-0.015551
0.050658
0.141891
0.166577
0.057693
0.187998
-0.076992
0.101918
0.126355
-0.154711
-0.073856
0.068058
-0.003296
0.005760
-0.108103
-0.076876
-0.062664
0.137426
-0.358372
-0.389866
-0.106180
0.571821
-0.240705
0.157014
0.345194
0.319635
0.090055
0.437011
-0.137336
0.398647
-0.323632
-0.206671
-0.163504
-0.038608
-0.004798
0.251536
-0.218197
-0.132409
0.362064
-0.070723
-0.255527
0.003864
0.313501
-0.170358
-0.076089
-0.053721
-0.164791
-0.078661
0.199854
-0.077416
-0.229969
0.177044
-0.225281
0.111995
-0.177904
-0.005462
0.126553
0.193845
-0.084011
-0.301744
-0.119398
0.224164
-0.011073
0.202346
0.164531
0.330790
0.419736
0.257494
-0.387181
-0.234024
0.079013
-0.028806
0.218986
0.245208
-0.259865
0.065049
0.374439
-0.224889
0.704409
-0.002285
0.342743
0.124089
-0.107044
0.099539
0.012530
0.000809
-0.255675
-0.111327
-0.030308
0.463767
0.258921
-0.126893
0.030025
-0.203306
0.033120
-0.209677
-0.217238
-0.162856
-0.102959
0.075259
-0.014908
0.017791
-0.433552
-0.074229
0.250748
0.029049
-0.424527
-0.205125
-0.277430
-0.426870
0.470258
-0.090123
-0.006805
-0.224230
-0.063986
-0.067496
0.368860
-0.052595
0.329582
-0.152752
0.426558
-0.180831
-0.011662
0.258217
-0.251479
0.372768
-0.225806
0.353667
0.316511
0.051176
-0.150235
0.043584
-0.163649
-0.503989
-0.034658
-0.074824
-0.237814
-0.180113
0.200458
-0.108192
0.091307
0.207843
0.083199
0.058693
0.026467
-0.006786
-0.251045
0.111470
0.339155
0.061778
-0.485247
0.142260
-0.340273
-0.186539
-0.329792
0.287340
-0.404537
0.318831
0.075550
0.136771
0.278597
0.427269
-0.394303
0.288068
-0.018513
0.093617
-0.004058
0.412319
-0.404896
0.037443
-0.285201
0.360312
-0.143539
0.013174
-0.552005
-0.130843
-0.207049
-0.313219
-0.209467
0.208531
0.006457
-0.034328
-0.031923
-0.401382
0.378448
-0.261720
-0.249126
-0.074940
0.000827
0.105978
-0.165754
-0.261092
0.221632
0.158883
0.109979
0.151402
0.086102
0.387832
0.049440
-0.253127
0.008046
0.012344
-0.167044
0.179336
-0.023043
0.171531
-0.231383
0.202340
0.047586
0.254873
0.516905
-0.040703
-0.151450
0.203419
-0.357169
0.036850
-0.099704
-0.118944
0.041954
-0.004954
-0.178718
-0.091115
0.198210
-0.129008
-0.211031
0.627453
0.053592
-0.124932
-0.075607
-0.122618
-0.098062
0.616219
0.254582
0.321320
0.277510
0.451929
-0.123914
-0.249847
0.502660
-0.073252
0.232947
0.273378
-0.117235
0.043081
0.343385
-0.161893
0.117635
0.084168
0.148917
-0.156150
-0.182114
0.107467
-0.094558
-0.040939
0.007435
-0.127132
0.082200
0.232072
0.279426
-0.149713
-0.222540
-0.223335
-0.028662
0.040744
-0.180739
-0.393980
-0.091507
-0.296420
-0.108808
-0.046875
-0.012343
0.070556
-0.170202
0.069029
-0.025560
0.045990
0.003737
0.136723
-0.130869
0.194144
-0.095605
0.054729
-0.165431
0.124415
-0.030961
0.160922
-0.077753
-0.079162
-0.037277
0.132352
0.088704
0.051541
-0.077621
-0.166792
-0.045874
-0.168293
-0.031510
0.006639
-0.125889
-0.009448
0.087674
0.050528
-0.002746
-0.022612
-0.015744
-0.020466
0.170868
0.089048
-0.021459
0.069647
-0.080726
0.178129
-0.062507
-0.094184
-0.136959
-0.005028
0.143896
0.007215
0.120049
0.073034
0.061808
-0.074298
-0.082899
-0.090429
-0.006545
0.145529
0.136006
-0.130999
0.009345
0.009536
0.089386
0.093080
0.139069
0.148463
0.027735
0.031934
0.073952
-0.156619
0.001810
0.062586
-0.056721
0.052182
-0.023038
-0.103321
0.147323
-0.071408
-0.155315
-0.041198
-0.034119
0.123622
-0.021008
0.027264
0.093743
-0.127980
0.144634
-0.003482
0.053534
-0.061044
0.137929
-0.045701
-0.011140
0.024441
-0.015410
-0.089240
-0.150797
0.138541
0.163274
-0.155104
0.129206
0.036725
0.006859
0.132460
-0.093912
-0.124566
-0.124884
-0.059108
0.039317
-0.066576
0.149503
0.031513
0.103125
-0.041037
-0.123591
0.061625
0.032758
0.163163
-0.136605
0.001295
0.066374
0.068443
-0.120194
-0.001442
0.177279
-0.015921
-0.147073
0.091790
0.115535
-0.117792
-0.036895
-0.140007
0.025453
0.093250
0.028521
0.096019
-0.059343
-0.132292
0.040492
-0.162008
0.145347
0.169601
0.043884
-0.153850
0.122352
0.001792
0.056865
0.154550
-0.104442
0.040899
0.026147
-0.020512
-0.125529
-0.109820
0.159605
0.103883
-0.008590
-0.037611
0.003872
-0.150374
0.146760
0.121380
-0.113633
-0.112397
0.026330
-0.167019
-0.007733
0.084138
-0.141504
-0.122113
0.093441
0.126191
-0.100756
-0.025102
0.023363
0.005565
-0.034596
0.114030
0.050397
0.103042
0.103252
0.092844
-0.138747
-0.137628
0.073453
-0.152067
-0.141466
0.072977
-0.004481
-0.158503
0.124331
0.071904
-0.130329
-0.107497
-0.053569
0.035852
-0.079323
-0.092148
0.048800
-0.161768
-0.000180
-0.086440
0.070582
0.094841
-0.071582
0.100918
-0.003971
0.008326
-0.079319
0.114038
-0.089459
0.107556
0.010742
-0.058743
0.144943
-0.054119
0.158983
-0.033560
0.132222
0.129699
-0.031708
0.026190
0.093684
-0.033490
-0.047828
-0.103636
-0.111793
-0.105366
-0.085164
-0.163842
-0.151306
0.121280
-0.126696
-0.106760
0.061151
0.097480
-0.081598
0.122666
0.164254
0.055945
-0.041688
0.103226
-0.151471
0.016025
0.118924
-0.126241
0.080703
-0.021529
-0.080118
-0.092517
0.150965
-0.072552
0.121883
-0.038253
0.244308
-0.141525
-0.279538
-0.021115
0.094672
0.098712
0.141453
-0.133701
0.029696
0.079800
-0.469114
-0.039774
-0.032392
-0.552578
0.043418
-0.042539
0.186154
-0.479529
-0.539799
-0.115650
-0.280880
-0.180327
0.158224
-0.093306
0.033192
-0.067050
0.026422
-0.573896
0.106276
0.059295
-0.327167
0.177240
0.018740
-0.273930
0.143060
-0.132473
0.137008
0.005268
-0.763500
0.114934
-0.002489
-0.217207
0.038334
0.009030
-0.194710
-0.062492
-0.254313
0.118900
0.075215
-0.262168
0.267483
0.124640
0.047688
0.192218
-0.316574
-0.242117
0.335003
-0.464769
0.069080
-0.093745
-0.009031
-0.053180
-0.150988
-0.267027
0.075618
-0.076911
-0.200278
0.016187
-0.034663
0.196781
0.159796
-0.266641
-0.381455
-0.120469
-0.453915
0.073295
-0.085102
-0.038514
0.004954
-0.223103
-0.233743
-0.132430
0.149694
0.141343
0.169086
-0.094272
-0.094042
0.197225
0.010169
-0.103338
-0.083428
0.010011
0.126059
0.039156
0.060705
-0.116486
0.011042
0.116644
-0.108431
0.056097
-0.153320
-0.072249
0.014717
0.097079
0.192745
-0.122381
-0.096166
0.071147
0.204086
-0.017393
0.034444
-0.057238
-0.012245
0.175963
-0.050416
-0.001388
0.121534
-0.090762
-0.050358
-0.168014
-0.131884
-0.031809
0.058757
0.013433
0.061487
-0.120214
-0.059156
0.021503
0.003984
-0.008214
-0.115160
0.006299
0.181920
-0.042418
0.004772
0.178586
-0.100456
0.008354
0.054827
-0.065569
0.010907
-0.002526
0.101971
-0.065062
-0.086294
0.005345
-0.107500
-0.078958
-0.056327
0.049918
-0.040385
0.106408
0.128674
0.015950
0.140589
-0.151932
-0.017289
0.086485
0.111155
0.125360
0.034742
-0.002966
0.130268
-0.156964
0.110681
0.099338
-0.050484
0.095647
0.138546
-0.368941
-0.090308
-0.339286
0.174846
-0.124081
0.123484
0.391773
-0.057617
-0.208966
-0.189667
0.150088
-0.261287
-0.253396
0.287203
0.279913
-0.115998
-0.189266
-0.106429
0.147853
0.085262
0.023283
0.142209
0.398017
-0.047222
0.050771
0.385872
-0.262663
-0.105266
-0.096272
-0.307729
0.035748
-0.163122
-0.058872
-0.230141
0.117500
-0.170836
0.160255
0.008240
0.105992
-0.055479
0.173522
0.048173
-0.349704
0.419921
0.240156
-0.145700
0.202895
-0.015481
-0.207398
0.293362
0.183127
0.341780
0.049176
0.200697
0.102282
0.167517
-0.029603
0.053844
0.044346
0.165989
0.088536
0.330715
-0.372655
0.221512
0.179340
-0.094403
-0.129688
0.294791
-0.028137
0.189542
-0.212255
-0.138064
-0.228014
0.014964
-0.220205
0.045337
-0.037203
0.238069
-0.216863
0.000539
-0.232810
-0.061463
0.109902
0.228275
-0.080091
0.244994
-0.124875
0.039864
-0.379205
-0.409726
-0.243904
0.242836
-0.376302
-0.303602
-0.407264
0.093232
0.494819
0.043631
-0.250364
-0.183417
0.226771
0.409897
0.146117
0.070080
0.055196
-0.104796
0.147727
-0.323077
-0.008243
-0.072955
0.281342
-0.298052
-0.391931
0.228853
-0.171459
-0.146735
0.388225
0.054528
-0.275556
0.226785
-0.023671
0.118317
-0.027869
0.059911
0.506228
0.024452
-0.405558
-0.393155
0.103215
-0.014300
0.102397
-0.294451
0.013857
-0.087475
-0.002332
0.031918
0.112008
0.036145
0.230264
-0.046664
0.339124
-0.141129
0.099998
0.062284
-0.086286
-0.000568
0.305266
0.026938
-0.010322
0.104170
-0.261906
-0.325653
0.376302
-0.005340
-0.268168
-0.064405
0.108051
0.243889
0.028714
0.083589
-0.005840
0.073524
0.256659
0.120480
-0.180949
-0.152732
-0.160286
0.158737
0.031680
0.152183
0.096670
0.027745
-0.134583
-0.000439
0.073811
0.125440
-0.060627
0.066192
0.043251
-0.111420
0.167750
-0.165292
-0.033650
-0.071839
0.001536
0.050157
0.115897
0.101282
-0.097138
-0.031383
0.108186
0.060003
0.061739
0.139074
0.022197
0.135775
0.052940
0.067520
-0.043974
-0.056307
0.128228
-0.142524
0.050398
-0.100898
-0.057989
0.114169
-0.053919
-0.044085
-0.101655
-0.112673
0.082952
0.132924
0.034053
-0.125136
-0.076388
-0.150825
-0.028389
-0.033713
0.102424
0.129266
0.163463
0.133572
0.169912
-0.113285
0.083502
0.072649
0.094704
-0.025516
0.036430
-0.123711
0.083459
0.150527
0.145232
0.054058
-0.115134
0.142654
-0.070735
0.140645
0.000155
-0.008829
-0.003623
0.170282
-0.144411
-0.138737
0.128569
0.139192
-0.118593
0.023492
-0.001704
-0.113029
-0.136385
-0.181188
0.072654
0.053005
-0.050396
0.104443
-0.105703
0.093958
0.041333
0.109164
0.213164
-0.064131
0.093295
0.027910
0.203585
0.167702
0.153285
0.083628
-0.075718
-0.041827
0.088385
0.031889
0.004112
-0.111476
-0.017200
0.086683
-0.145143
0.089951
-0.078138
0.132736
0.115589
-0.051634
0.144958
0.132529
-0.017834
-0.062413
0.110640
-0.149774
0.090137
0.033323
0.084460
-0.028551
0.011952
0.029006
0.015645
0.002251
0.042122
-0.020284
-0.074492
-0.073808
0.069469
-0.014913
0.070512
-0.114431
0.115376
0.062055
0.025517
0.035641
-0.035712
0.089450
0.153627
-0.135868
0.039570
0.056956
0.180072
-0.079487
0.091135
-0.129083
-0.158318
-0.089897
0.116743
-0.108583
0.170954
-0.024971
0.021296
-0.116411
0.005686
-0.116406
0.090270
0.046621
0.189691
-0.108061
-0.113118
0.189615
-0.091606
0.035539
-0.007602
0.034030
-0.056129
0.192563
-0.221054
-0.053452
0.093351
0.009164
-0.014037
0.146444
-0.004529
0.154342
0.043570
-0.255696
-0.288237
-0.440341
-0.031327
-0.062057
-0.113332
-0.317146
0.199945
0.163083
0.252124
-0.009674
-0.023533
-0.118935
-0.344184
-0.239995
-0.033561
0.485677
-0.100414
-0.078912
0.319870
0.173325
-0.425823
0.017183
0.126598
-0.280503
0.113761
-0.335018
0.069514
-0.022464
0.080872
-0.129436
0.181878
0.035118
0.088649
0.157836
0.341586
0.011103
-0.305706
-0.087089
-0.126626
0.076286
0.282662
-0.013344
0.286262
0.004951
-0.318189
-0.116994
-0.270557
-0.012466
0.185138
-0.142982
0.291492
0.393274
-0.202435
0.094861
-0.211062
-0.239303
0.006480
0.591005
-0.424115
-0.337287
0.093755
-0.237409
-0.043475
-0.327597
0.014292
-0.083210
0.121606
-0.214575
-0.140630
-0.296412
0.304237
-0.203752
-0.030509
-0.008440
0.104703
0.190538
0.265645
0.359798
0.114071
0.212953
-0.494675
-0.279335
-0.259460
0.403596
0.353066
0.333141
0.358953
-0.353033
0.144644
0.397619
-0.323501
-0.587714
-0.316937
0.019874
-0.162899
0.165879
-0.453788
0.362511
0.142399
0.107034
-0.092531
0.107832
-0.283836
0.492171
0.422327
-0.379273
-0.065603
0.241231
-0.404647
0.141996
-0.386971
-0.123273
0.395251
0.264076
-0.334067
-0.320509
-0.379734
0.208233
-0.318186
0.311553
0.392753
-0.066922
0.258810
0.229199
-0.299339
-0.456269
-0.603867
0.092788
-0.241993
0.157289
-0.326691
-0.281593
0.197216
-0.428724
-0.509657
-0.124258
0.138218
0.393738
0.151554
0.220791
0.491278
-0.122917
0.465784
0.331694
-0.070775
0.102131
-0.011358
0.363025
0.237946
0.241851
0.404705
0.057486
0.451362
-0.067792
0.106896
-0.402712
-0.508098
0.041908
0.176424
-0.128298
0.251665
0.068161
0.021642
-0.093527
-0.282165
0.108418
0.265433
-0.139751
-0.096611
-0.049603
-0.078453
-0.214659
0.136573
0.216492
-0.195298
0.169329
-0.554849
-0.126751
-0.283525
-0.117093
0.023046
-0.254502
-0.249726
0.417387
-0.094175
-0.373794
0.054801
-0.147084
0.267407
-0.150193
-0.028053
0.278495
-0.133938
0.150807
0.085959
0.129642
0.181588
0.056210
0.046404
-0.175087
-0.080302
0.085641
0.156917
-0.190739
-0.093299
0.136057
0.223125
0.351727
-0.307359
-0.348133
0.064918
-0.101012
0.012739
0.028253
-0.064279
-0.374281
-0.454028
-0.535265
-0.425170
-0.118191
-0.392296
0.156546
0.153500
-0.050987
0.347097
0.179979
0.226151
0.455878
-0.110573
-0.160088
-0.483559
-0.207521
0.686945
0.147774
-0.024465
-0.598728
0.267398
0.210293
0.157750
0.048661
-0.091643
0.168872
0.145467
-0.015166
0.016917
0.168727
-0.160831
-0.053253
0.114016
-0.002590
0.170866
0.241413
0.082482
0.074547
0.282848
0.096283
0.156425
0.047031
0.142274
-0.026237
-0.157027
0.051417
0.126342
0.191637
-0.091449
0.150000
-0.127949
0.248425
0.145562
-0.167173
0.229178
0.083509
-0.006231
0.044010
0.039205
-0.118323
-0.053245
-0.093969
0.067404
-0.132536
0.076319
0.037526
0.087188
0.008972
-0.042059
-0.058328
0.075307
-0.105235
0.154325
0.113990
-0.204077
0.084742
0.060608
0.251906
0.162516
0.129148
0.028405
0.073018
0.078429
-0.076475
-0.024088
0.146233
0.109694
0.103459
-0.037024
0.135992
0.266151
-0.179125
0.139334
-0.094908
0.164289
0.081112
0.102721
0.147767
0.187346
-0.056986
0.130389
0.098839
-0.062214
-0.005010
0.139907
-0.007921
-0.177414
0.068614
-0.103026
-0.089594
-0.000856
0.156087
-0.071294
0.127126
0.006305
-0.212201
0.260856
0.108544
-0.345689
0.222731
0.320641
-0.237179
-0.014521
-0.178041
-0.228392
-0.305163
0.060599
0.164790
0.206861
0.193889
0.106067
-0.159822
-0.121515
0.082567
-0.147880
0.079098
0.086931
0.033512
0.251961
-0.086270
-0.187342
-0.125160
0.032296
-0.242197
0.640841
-0.186238
-0.008221
0.226897
0.084356
-0.083835
0.445255
0.230645
0.428732
-0.015472
0.104919
0.050328
-0.352755
0.219215
0.303570
0.121398
0.260936
-0.042745
0.044549
0.302664
-0.055146
-0.163661
-0.002309
0.026835
0.101665
-0.206860
0.188240
0.311903
-0.361676
-0.030153
0.030027
-0.458207
-0.284562
0.276476
-0.160756
-0.433247
0.099037
-0.151132
-0.232277
-0.315139
-0.200255
0.136213
0.082432
-0.451788
-0.258878
-0.193752
-0.374826
-0.031166
0.111301
-0.047355
-0.758715
0.052174
0.058211
-0.482808
-0.615010
0.107549
-0.106451
0.014776
0.149436
0.226370
0.020619
-0.249487
0.346593
0.125034
0.172807
0.049480
-0.271731
-0.126978
-0.189285
-0.091596
-0.367229
0.034865
0.101674
-0.142960
-0.285151
0.223145
-0.337862
-0.188365
0.098026
-0.034319
0.077788
-0.327306
-0.086377
-0.066280
-0.114893
0.122168
0.237522
-0.137152
-0.198127
0.111177
0.002070
-0.164666
0.021568
-0.389550
-0.009101
-0.085958
0.153525
0.311900
-0.178364
0.237539
0.097740
-0.113255
0.208946
-0.104278
0.053661
0.358678
0.160724
0.272362
0.162186
0.148991
-0.031115
-0.266768
0.011830
0.033563
-0.153170
0.232745
0.178482
-0.060070
0.267480
0.169162
-0.404266
-0.067081
-0.110444
0.321065
0.128411
-0.309416
-0.254599
0.114689
0.061666
-0.290136
-0.318087
0.017052
0.123223
0.080729
-0.226198
0.159294
-0.076342
0.172408
0.142878
0.074964
0.359899
-0.052451
-0.175278
0.052295
0.191186
0.027204
0.019175
0.009768
-0.375999
-0.291559
-0.021439
-0.196286
0.198909
0.129214
-0.147548
0.135238
-0.312922
-0.213916
-0.168797
0.031464
-0.164289
-0.142548
-0.010387
-0.174559
0.049006
-0.160807
-0.010169
-0.303572
0.211239
-0.044806
-0.236301
-0.193258
0.128760
-0.244365
0.281775
0.066515
0.279971
0.090898
0.388482
-0.222580
-0.194220
0.239287
0.113495
-0.054108
0.049979
-0.554450
-0.008307
0.319723
-0.258554
-0.023134
-0.100089
0.135223
0.015379
-0.451166
0.230386
-0.087132
-0.331479
0.060162
-0.175780
-0.338134
0.008060
0.272409
0.200003
-0.088093
-0.049553
-0.237278
-0.395332
-0.483362
-0.070180
-0.076949
-0.165590
-0.109849
0.092276
