84 10
0.224847
-0.708316
0.221993
0.186906
0.229661
-1.905910
0.203051
-2.218747
-0.557217
-1.787086
-0.072799
-0.818857
0.136764
-0.864796
0.176719
-0.427370
0.167262
0.175850
-0.938188
0.173090
-0.429124
0.482997
0.364206
-0.120927
-0.280682
0.124136
0.141112
-0.163042
-0.104513
-0.569934
0.102889
-0.734613
0.280264
-0.126190
0.276125
-0.844447
-0.361962
-0.446903
0.308810
0.197976
0.209592
-0.282301
-0.248432
0.226291
-0.543330
-0.756954
0.224018
-0.156728
-0.359283
-0.495044
-0.705029
-0.515503
-0.486461
-0.519279
0.024556
-0.094959
-0.730067
0.127298
-0.416538
0.036374
-0.536414
-1.242435
0.106250
-0.018267
0.121782
-0.155905
-0.468774
0.060305
0.301844
-0.114193
-0.005570
0.031038
-0.353165
-0.035649
-0.491308
-1.300164
-0.234496
-0.742888
0.007678
-1.520991
-1.063198
-0.864214
-1.098137
-0.848280
-0.638904
0.216303
-0.639104
0.219224
-0.258349
0.187594
-0.389184
-0.840532
-0.172121
-0.462459
0.182409
-0.456717
-0.541040
0.195417
0.232739
0.231506
0.191355
0.349522
-0.273427
-0.226545
-0.232889
-0.367711
0.192552
-0.318087
-0.480259
-0.065630
-0.381804
-0.347617
-0.280645
0.177117
0.206440
0.005887
-0.116703
-0.657278
0.257401
-0.697758
0.194680
-0.272333
-0.171932
-0.601948
0.171968
-0.051363
0.208892
-0.726131
-0.831263
-0.766639
0.073512
-0.817107
0.037208
-0.698047
-0.590511
-1.043159
0.059411
-1.776545
-0.629272
-1.558957
-0.672432
0.222070
-0.420493
0.226420
-0.525810
0.221493
-0.372361
0.270392
-0.490188
0.233499
-0.561154
0.313672
-0.368867
0.131401
-0.218351
0.146865
-0.427317
0.147389
-0.245733
-0.437342
-1.015573
-1.052678
-0.923314
-1.203233
-0.689292
0.125881
-0.927663
0.157376
-0.684429
0.173264
0.069659
0.330801
0.033807
-0.613861
-0.575477
0.239121
-0.102096
0.211194
0.234208
-0.350128
0.184379
-0.903570
0.133446
-0.487044
-0.438243
0.244413
0.180388
-0.217758
-0.828073
0.254068
-0.045467
0.285903
0.093845
0.255436
-0.509050
0.237334
-0.419645
0.223341
-0.479166
-0.127645
0.029474
-0.894665
0.030717
-0.775772
-0.014047
0.092944
-0.473768
0.186572
0.013550
0.192376
-0.259381
-0.171152
-0.341207
-0.556267
-0.154033
0.179438
0.366278
-0.579986
-0.342569
-0.031805
0.191262
-0.069392
-0.099547
0.164646
0.212079
-2.246409
0.198042
-2.415755
-0.571022
-1.916697
-0.555324
0.009199
-0.591191
-0.019619
-0.917017
0.033014
-0.367051
-0.120261
-0.006547
0.142672
-0.126460
-0.353451
-0.684950
-0.589363
0.000968
0.170226
-0.459145
0.146780
0.152595
-0.316776
-0.282637
-0.121124
-0.168565
0.285165
0.230305
0.162330
0.239348
-0.606267
-0.659382
0.170656
-0.159254
-0.062789
-0.959287
-0.105864
-1.183404
-0.072656
-0.297257
-0.101993
-0.821423
0.067610
0.399030
-0.725017
0.293674
-0.437623
-0.251877
0.398138
-0.049173
-0.487484
-0.385915
-0.103777
-0.329287
-0.042033
-0.194583
0.046262
0.094410
-0.455894
0.073946
0.091255
-1.041446
0.096957
-0.319894
-0.964155
-0.137763
-0.305659
0.165792
-0.403553
0.188781
-0.067864
-1.048920
0.271263
0.144677
-1.031521
0.105117
-0.418296
-0.513875
-0.676191
0.160043
0.112114
0.189877
0.092995
-0.479136
-1.047635
-0.359440
-0.038004
0.020077
-1.612800
0.026485
-0.686902
-0.885116
-1.182772
-0.482319
0.293704
-0.203788
0.168097
0.116954
-0.487925
0.107241
-0.322126
-1.100143
0.192675
0.207986
-1.022592
0.205267
0.194433
-0.455427
-0.072140
0.230450
-0.810306
0.232524
-1.070540
-0.350067
0.237482
0.128665
-0.650406
0.139694
-1.144440
0.084371
-1.279101
-0.630863
-1.450120
0.070099
0.386415
-0.180188
-0.444887
0.072695
-0.203013
-0.169813
0.191731
-0.349936
0.067145
-0.442650
-0.875012
0.007438
-0.756422
-0.022326
0.060056
0.027963
-0.873908
-0.635552
-0.422578
0.142246
0.132413
-0.354206
0.199532
0.134959
-0.768440
0.141377
-1.434561
-0.275210
-1.870835
0.349437
-1.046312
0.238560
-0.389266
-0.001118
-0.890718
-0.125495
-1.118698
-0.428584
-1.195081
-0.184664
-0.920054
-0.357735
0.087344
0.135975
0.264583
0.100715
0.176286
0.250311
0.167863
-0.385044
-1.051927
-0.429108
-0.884987
-0.786007
0.079114
-0.700172
0.032730
-0.422724
-0.199999
0.158988
-0.768075
0.195709
0.153226
-0.240849
0.012734
0.192051
-0.942597
-0.555110
-0.587061
0.102438
-0.576297
-0.389911
0.086292
-0.519901
0.072853
0.084246
0.138140
-0.760155
-0.120432
-0.516204
-0.029067
-0.406835
-0.872224
0.072997
-0.400701
-0.427246
0.187800
0.238251
0.185664
0.109119
0.219802
-0.434290
0.102104
-0.299620
-0.405412
-0.251104
-0.165674
-0.346207
-0.510090
0.134678
-0.394551
-0.534488
0.127296
-0.648525
0.115853
0.125031
0.067698
0.270561
0.180309
-0.355550
-0.516955
0.190386
-0.721502
0.196669
0.051809
0.212223
-0.538552
0.192791
0.038161
-0.130024
-0.598131
-0.209899
0.270397
0.203770
0.020635
0.194263
-0.854845
0.349622
-0.468850
0.123309
0.138744
-0.346538
-0.122186
0.255587
-0.650131
-0.287812
-0.858449
0.287588
-1.131127
0.233031
-0.691949
-0.327101
-0.490864
-0.154586
0.129056
0.226283
-0.852459
0.253449
-0.485171
-0.215364
0.198568
0.204032
0.235556
0.194883
-1.521712
0.204679
-2.289393
-0.362573
-1.229127
-0.380465
0.210124
0.084074
0.078547
0.095958
-0.316109
-0.343784
0.019560
-0.733156
-0.310442
-0.043629
-0.537460
-0.508529
0.288576
-0.384234
0.296484
-0.437946
0.200659
0.257038
-0.171300
-0.633818
-1.157220
-0.870588
-1.087802
-1.173125
0.122501
-0.907300
0.133971
-0.474603
0.124632
0.263134
-0.575340
-0.055576
-0.145160
-0.874904
0.054817
-0.127660
0.129912
0.432462
-0.016289
-0.050264
-0.725895
0.219083
-0.677388
-0.289264
0.139439
0.266035
-0.509564
0.216847
-0.000843
-0.599642
-1.082911
0.051326
0.118773
0.105225
-0.089162
-0.003250
-0.463572
-0.846903
-0.737025
0.215088
-0.683934
0.171817
-0.526661
-0.533372
0.045721
0.134623
-0.515478
0.224171
-0.770179
-0.437225
-0.851066
-0.638822
-0.763732
-0.692374
0.117483
-0.610450
0.173101
0.191571
0.207565
-0.594465
-0.670123
-0.189877
0.040249
-0.450410
0.007281
-0.576466
0.066871
-0.841337
0.038923
0.128613
-0.103193
0.125519
0.145839
0.097926
-0.313643
-0.465370
-0.084167
0.263805
-0.809163
0.004470
0.193320
-0.203375
0.189955
-0.374554
0.158223
-0.449308
-0.378761
-0.356089
-0.393478
-0.085143
-0.248582
0.061200
0.286727
-0.373921
-0.445031
-0.262248
-0.483350
0.294296
0.172242
-0.319543
0.437937
0.163140
-0.058895
-0.437089
-0.427354
0.160147
-0.222677
0.176062
0.173928
-0.324608
-0.707193
0.088768
0.092241
0.108825
-0.117130
-0.174941
-0.979924
-0.809790
-0.775085
-0.643843
-0.316452
-1.101832
-0.106127
-0.594499
0.076527
-0.580976
-0.296061
-0.091303
0.129596
-0.105902
-0.825931
0.099868
-0.952024
0.086384
-1.341486
0.114251
-1.368553
0.053286
-1.669493
-0.914609
0.229136
0.136672
-0.360872
0.104229
-0.396695
-0.308473
-0.054236
-0.828813
0.044764
0.219186
0.260389
-0.191344
0.182646
-0.283540
-1.599312
0.219984
-1.729463
-0.491934
-2.091156
-0.979660
-0.777345
-0.520788
-0.618683
-1.024766
0.226918
-0.831201
0.268182
-0.258942
0.142927
0.093412
0.066386
0.086386
0.081398
0.072649
-1.383483
-0.254085
-0.671306
-0.264455
-1.950642
-0.035308
0.171471
-0.311975
-0.378906
-0.081596
-0.426595
-0.535589
0.104381
0.075166
0.143315
0.238913
-1.055549
-0.236909
-0.556586
-0.034754
-0.642312
0.221558
-1.286701
0.265558
-1.087013
0.138968
0.213643
-0.372049
-0.362154
-0.742821
-0.469125
0.123270
0.160355
-0.745502
0.140792
0.207847
-0.502896
0.175007
-0.777919
-0.584553
-0.444050
-0.127670
0.059972
-0.936916
-0.107918
-0.180449
-0.634355
0.228408
-0.111629
0.226438
-1.868860
0.251169
-1.309396
-0.125454
-1.228928
-0.999511
-0.110742
-0.069822
-1.048887
-0.214690
0.239890
-0.794925
0.221104
-0.417676
-0.138294
-0.332345
-0.290955
0.233145
-0.856473
0.180614
-0.132799
0.201202
-0.547166
-0.766188
0.105501
0.155534
0.271729
0.219512
0.317442
-0.167888
-0.662951
-0.234709
-0.205503
-0.685024
0.095710
0.176556
-0.630027
0.224551
-0.517927
-0.275034
-0.540751
0.164866
0.176664
-0.906161
0.132507
-0.145013
0.399518
-0.502717
-0.515719
-0.152874
0.212033
0.049110
0.270353
-0.528639
-0.011511
-0.224123
-0.728376
0.118846
-0.732410
0.178032
-0.843009
0.140571
-0.025939
-0.055364
-0.245647
-0.786811
0.377943
0.109378
-0.140805
0.082939
0.101593
-0.459370
-0.244483
-0.784000
0.105601
0.096642
0.279917
-0.381189
0.045562
0.202388
-0.277332
-0.009047
-0.142572
-0.474898
-0.625623
