5 5 1 6
0.141924
-0.231721
0.092003
-0.120356
-0.283739
-1.328236
0.375774
0.358773
-0.282598
-1.237234
0.229635
0.231299
0.268539
-0.097341
0.216912
-1.278034
0.032211
-0.013905
-0.370845
-0.155720
0.019509
-0.462930
0.334017
0.004736
-0.261958
0.066228
-0.029037
0.243889
-0.245322
-0.300064
0.200755
0.088240
0.125064
-0.169115
0.022999
-2.056359
-0.075975
0.116570
-0.367626
-0.727876
-0.019872
-0.288866
0.246875
0.261943
0.240102
-0.498392
-0.029567
0.110918
0.180367
-0.042273
-0.017893
0.170498
0.411619
-0.237494
-0.322277
-0.194313
0.009467
-0.062095
0.197971
-0.061110
-0.284473
-0.055288
0.295537
-0.180880
0.093269
-1.211084
-0.180562
0.008633
-0.511961
0.087110
-0.041723
-0.348822
-0.225133
0.100996
0.200016
0.265685
-0.250120
0.155372
0.427959
0.164013
-0.115467
0.347480
-0.027569
0.345117
0.346745
-0.037199
0.122181
-0.322478
0.290519
-0.014060
-0.120006
0.034454
0.344592
0.176949
0.241483
-0.286265
-0.404307
0.100763
-0.240201
0.169145
-0.211819
-0.108062
-0.236711
-0.101265
-0.289294
-0.050630
0.096847
0.098181
0.112544
0.176860
0.234560
0.280744
-0.163558
0.028297
0.383892
-0.023392
-0.033158
0.059252
-0.336355
0.198663
0.021241
-0.030065
0.323639
0.111033
0.050188
0.088410
-0.179586
-0.017889
-0.374053
0.064168
0.033661
0.009881
-0.278124
0.081611
-0.113086
0.103370
-0.427635
0.021752
0.217078
-0.148833
0.168958
0.012985
-0.468484
-0.159787
0.081219
0.104333
-0.003569
-0.124374
-0.395042
0.343317
