84
0.232374
0.047536
0.053078
-0.081068
0.047491
-0.062825
0.043258
0.017945
0.026285
-0.000751
0.008792
0.121787
0.039469
0.086662
0.024229
-0.048063
0.022080
0.063130
0.096390
-0.016163
0.115403
0.048547
0.105814
0.027742
0.012054
0.038457
-0.026296
0.121563
0.022151
-0.032634
0.048607
0.022370
0.010488
0.135080
0.014152
-0.043870
0.035374
0.053827
0.137462
0.084031
0.042912
0.095990
0.063585
0.004197
0.030659
0.065364
0.050869
0.158893
0.052929
0.108983
0.131077
0.003763
0.084514
-0.001488
0.071046
0.162745
0.035244
0.082130
-0.022865
0.085158
-0.009781
0.009831
0.149819
0.106795
0.041463
0.006676
0.089317
0.011512
0.039020
-0.013199
-0.004879
-0.053987
0.146621
0.049788
0.112515
0.189856
0.009774
0.063479
0.189194
0.095120
-0.140551
0.086475
-0.062804
-0.054382
